B      : 8        # foundation width
L      : 14       # foundation length
Df     : 1.5      # foundation embedment depth
Q      : 50 0.2   # Foundation bearing pressure q (kPa) and coefficient of variation covQ and number of percentiles
type   : Masonry  # building type (masonty,steel, timber, reinforced concrete)
wt     : 2        # Water table depth

# Soil Parameters (for Bullock et al. 2018)
LPC   : Yes      # Low permeability cap present above top susceptible layer?    
th1   : 2        # Non-susceptible crust thickness
th2   : 6        # Maximum continuous thickness of susceptible material in top B
N1    : 1        # Number of susceptible layers in top B    
N2    : 2        # Number of non-susceptible layers in top B
meth  : CPT      # Soil profile testing method
N160  : 9   0   0   0   0   0   0   0   0   0
qc1N  : nan nan nan nan nan nan nan nan nan nan
thick : 6   0   0   0   0   0   0   0   0   0
d2mat : 3.5 0   0   0   0   0   0   0   0   0

# CPT LOG (For Macedo, Bray 2017)
Depth qc fs u2
1.7 3.20 0.12 0.00
1.71 4.06 0.09 0.00
1.72 6.13 0.04 0.00
1.73 7.60 0.01 0.00
1.74 8.88 0.01 0.00
1.75 7.93 0.01 0.00
1.76 7.50 0.01 0.00
1.77 7.43 0.01 0.00
1.78 7.36 0.01 0.00
1.79 7.29 0.01 0.00
1.8 7.52 0.01 0.00
1.81 7.67 0.01 0.00
1.82 8.16 0.01 0.00
1.83 7.98 0.01 0.00
1.84 7.59 0.02 0.00
1.85 7.56 0.02 0.00
1.86 7.54 0.02 0.00
1.87 7.51 0.03 0.00
1.88 7.30 0.01 0.00
1.89 7.14 0.01 0.00
1.9 7.67 0.01 0.00
1.91 8.27 0.01 0.00
1.92 9.74 0.01 0.00
1.93 10.88 0.01 0.00
1.94 11.57 0.02 0.00
1.95 12.24 0.02 0.00
1.96 11.88 0.02 0.00
1.97 12.24 0.02 0.00
1.98 12.26 0.02 0.00
1.99 13.09 0.04 0.00
2 13.43 0.04 0.00
2.01 10.77 0.04 0.00
2.02 10.10 0.04 0.00
2.03 9.43 0.06 0.00
2.04 9.34 0.07 0.00
2.05 9.25 0.07 0.00
2.06 9.16 0.06 0.00
2.07 8.84 0.05 0.00
2.08 8.20 0.04 0.00
2.09 8.12 0.03 0.00
2.1 8.05 0.03 0.00
2.11 7.97 0.02 0.00
2.12 8.16 0.01 0.00
2.13 8.21 0.01 0.00
2.14 8.32 0.01 0.00
2.15 8.48 0.01 0.00
2.16 7.11 0.04 0.00
2.17 6.30 0.04 0.00
2.18 6.13 0.05 0.00
2.19 6.08 0.06 0.00
2.2 6.22 0.07 0.00
2.21 6.47 0.12 0.00
2.22 5.72 0.10 0.00
2.23 5.11 0.10 0.00
2.24 4.92 0.10 0.00
2.25 4.71 0.10 0.00
2.26 5.32 0.10 0.00
2.27 5.73 0.12 0.00
2.28 5.75 0.14 0.00
2.29 5.66 0.13 0.00
2.3 6.84 0.13 0.00
2.31 7.36 0.13 0.00
2.32 7.49 0.11 0.00
2.33 5.87 0.10 0.00
2.34 4.82 0.10 0.00
2.35 5.69 0.10 0.00
2.36 6.56 0.10 0.00
2.37 7.43 0.10 0.00
2.38 10.01 0.12 0.00
2.39 12.88 0.16 0.00
2.4 14.36 0.27 0.00
2.41 14.69 0.32 0.00
2.42 11.98 0.39 0.00
2.43 11.28 0.44 0.00
2.44 10.23 0.45 0.00
2.45 10.61 0.50 0.00
2.46 9.19 0.48 0.00
2.47 8.70 0.41 0.00
2.48 6.73 0.41 0.00
2.49 6.34 0.41 0.00
2.5 5.66 0.31 0.00
2.51 5.56 0.26 0.00
2.52 5.45 0.21 0.00
2.53 5.35 0.19 0.00
2.54 6.12 0.15 0.00
2.55 7.86 0.13 0.00
2.56 7.66 0.12 0.00
2.57 7.84 0.10 0.00
2.58 8.01 0.06 0.00
2.59 8.19 0.07 0.00
2.6 7.71 0.08 0.00
2.61 7.97 0.10 0.00
2.62 7.20 0.08 0.00
2.63 7.20 0.05 0.00
2.64 7.21 0.04 0.00
2.65 7.21 0.03 0.00
2.66 7.00 0.04 0.00
2.67 7.38 0.03 0.00
2.68 7.43 0.01 0.00
2.69 7.47 0.02 0.00
2.7 7.52 0.03 0.00
2.71 7.56 0.03 0.00
2.72 7.61 0.04 0.00
2.73 7.65 0.07 0.00
2.74 7.43 0.08 0.00
2.75 7.19 0.09 0.00
2.76 6.96 0.14 0.00
2.77 6.72 0.14 0.00
2.78 7.63 0.13 0.00
2.79 8.71 0.13 0.00
2.8 8.70 0.12 0.00
2.81 9.90 0.11 0.00
2.82 10.30 0.08 0.00
2.83 11.87 0.07 0.00
2.84 14.44 0.06 0.00
2.85 15.38 0.05 0.00
2.86 15.52 0.04 0.00
2.87 14.46 0.03 0.00
2.88 14.78 0.03 0.00
2.89 8.01 0.03 0.00
2.9 8.36 0.04 0.00
2.91 8.72 0.04 0.00
2.92 9.07 0.06 0.00
2.93 10.53 0.09 0.00
2.94 9.90 0.10 0.00
2.95 9.57 0.12 0.00
2.96 9.25 0.17 0.00
2.97 8.92 0.17 0.00
2.98 9.46 0.17 0.00
2.99 9.77 0.17 0.00
3 10.59 0.16 0.00
3.01 10.71 0.15 0.00
3.02 10.99 0.11 0.00
3.03 11.26 0.14 0.00
3.04 11.54 0.09 0.00
3.05 12.83 0.05 0.00
3.06 12.87 0.05 0.00
3.07 13.02 0.05 0.00
3.08 13.13 0.05 0.00
3.09 12.64 0.06 0.00
3.1 13.57 0.06 0.00
3.11 14.28 0.07 0.00
3.12 14.53 0.07 0.00
3.13 14.73 0.08 0.00
3.14 14.41 0.09 0.00
3.15 14.08 0.10 0.00
3.16 13.98 0.10 0.00
3.17 14.19 0.10 0.00
3.18 14.73 0.10 0.00
3.19 15.90 0.10 0.00
3.2 15.51 0.10 0.00
3.21 15.07 0.10 0.00
3.22 15.87 0.10 0.00
3.23 16.68 0.11 0.00
3.24 17.48 0.10 0.00
3.25 21.30 0.10 0.00
3.26 23.48 0.10 0.00
3.27 23.20 0.10 0.00
3.28 23.61 0.11 0.00
3.29 24.02 0.15 0.00
3.3 24.43 0.14 0.00
3.31 25.88 0.12 0.00
3.32 27.18 0.12 0.00
3.33 26.87 0.13 0.00
3.34 27.48 0.14 0.00
3.35 28.44 0.16 0.00
3.36 28.32 0.16 0.00
3.37 27.00 0.18 0.00
3.38 26.88 0.20 0.00
3.39 26.83 0.22 0.00
3.4 26.59 0.23 0.00
3.41 25.23 0.27 0.00
3.42 22.59 0.25 0.00
3.43 22.20 0.23 0.00
3.44 21.14 0.23 0.00
3.45 20.52 0.23 0.00
3.46 19.89 0.23 0.00
3.47 19.27 0.18 0.00
3.48 19.06 0.18 0.00
3.49 19.56 0.18 0.00
3.5 18.54 0.19 0.00
3.51 18.97 0.23 0.00
3.52 19.39 0.26 0.00
3.53 19.82 0.26 0.00
3.54 20.32 0.24 0.00
3.55 23.08 0.19 0.00
3.56 25.59 0.17 0.00
3.57 26.72 0.14 0.00
3.58 25.76 0.13 0.00
3.59 27.01 0.14 0.00
3.6 26.90 0.14 0.00
3.61 26.69 0.15 0.00
3.62 26.48 0.15 0.00
3.63 26.27 0.15 0.00
3.64 27.95 0.14 0.00
3.65 27.50 0.13 0.00
3.66 27.98 0.12 0.00
3.67 27.41 0.12 0.00
3.68 28.16 0.10 0.00
3.69 29.84 0.10 0.00
3.7 30.59 0.09 0.00
3.71 32.45 0.09 0.00
3.72 34.86 0.08 0.00
3.73 36.89 0.09 0.00
3.74 38.03 0.10 0.00
3.75 41.37 0.11 0.00
3.76 43.13 0.12 0.00
3.77 45.82 0.13 0.00
3.78 47.31 0.13 0.00
3.79 46.39 0.13 0.00
3.8 46.66 0.25 0.00
3.81 46.62 0.31 0.00
3.82 47.78 0.32 0.00
3.83 49.13 0.33 0.00
3.84 51.22 0.33 0.00
3.85 51.54 0.34 0.00
3.86 53.10 0.34 0.00
3.87 52.28 0.34 0.00
3.88 52.77 0.34 0.00
3.89 52.95 0.39 0.00
3.9 58.24 0.25 0.00
3.91 62.21 0.18 0.00
3.92 57.68 0.16 0.00
3.93 53.15 0.17 0.00
3.94 48.62 0.17 0.00
3.95 49.39 0.17 0.00
3.96 48.25 0.27 0.00
3.97 42.77 0.30 0.00
3.98 41.24 0.31 0.00
3.99 42.07 0.32 0.00
4 43.30 0.32 0.00
4.01 44.13 0.32 0.00
4.02 42.89 0.28 0.00
4.03 41.64 0.24 0.00
4.04 40.40 0.20 0.00
4.05 40.51 0.21 0.00
4.06 40.25 0.17 0.00
4.07 39.59 0.17 0.00
4.08 40.85 0.17 0.00
4.09 41.42 0.17 0.00
4.1 41.15 0.17 0.00
4.11 42.99 0.13 0.00
4.12 44.00 0.11 0.00
4.13 45.92 0.11 0.00
4.14 50.93 0.11 0.00
4.15 49.96 0.11 0.00
4.16 48.96 0.17 0.00
4.17 48.69 0.33 0.00
4.18 48.42 0.32 0.00
4.19 48.15 0.33 0.00
4.2 49.24 0.33 0.00
4.21 49.24 0.34 0.00
4.22 48.33 0.31 0.00
4.23 53.18 0.30 0.00
4.24 55.67 0.30 0.00
4.25 54.77 0.29 0.00
4.26 51.40 0.25 0.00
4.27 49.49 0.19 0.00
4.28 49.26 0.15 0.00
4.29 51.05 0.16 0.00
4.3 52.39 0.15 0.00
4.31 52.91 0.14 0.00
4.32 54.02 0.14 0.00
4.33 53.23 0.14 0.00
4.34 53.04 0.14 0.00
4.35 52.47 0.14 0.00
4.36 52.80 0.27 0.00
4.37 52.43 0.42 0.00
4.38 50.85 0.49 0.00
4.39 47.99 0.50 0.00
4.4 44.16 0.51 0.00
4.41 43.43 0.51 0.00
4.42 42.70 0.49 0.00
4.43 41.97 0.46 0.00
4.44 44.72 0.41 0.00
4.45 45.19 0.35 0.00
4.46 44.84 0.30 0.00
4.47 44.48 0.25 0.00
4.48 44.13 0.24 0.00
4.49 43.79 0.23 0.00
4.5 44.63 0.22 0.00
4.51 46.11 0.22 0.00
4.52 48.83 0.20 0.00
4.53 50.19 0.21 0.00
4.54 48.86 0.22 0.00
4.55 48.23 0.24 0.00
4.56 48.12 0.28 0.00
4.57 49.10 0.26 0.00
4.58 48.20 0.18 0.00
4.59 47.09 0.16 0.00
4.6 45.98 0.19 0.00
4.61 44.87 0.22 0.00
4.62 42.53 0.25 0.00
4.63 41.96 0.32 0.00
4.64 42.29 0.36 0.00
4.65 42.24 0.40 0.00
4.66 40.99 0.36 0.00
4.67 37.12 0.36 0.00
4.68 36.64 0.35 0.00
4.69 36.10 0.35 0.00
4.7 36.15 0.38 0.00
4.71 34.58 0.32 0.00
4.72 32.27 0.20 0.00
4.73 33.14 0.21 0.00
4.74 32.01 0.21 0.00
4.75 30.41 0.22 0.00
4.76 30.18 0.39 0.00
4.77 30.29 0.39 0.00
4.78 29.35 0.33 0.00
4.79 28.40 0.27 0.00
4.8 27.46 0.21 0.00
4.81 28.59 0.21 0.00
4.82 26.92 0.21 0.00
4.83 27.26 0.17 0.00
4.84 25.79 0.13 0.00
4.85 24.60 0.13 0.00
4.86 23.91 0.13 0.00
4.87 22.56 0.14 0.00
4.88 21.32 0.16 0.00
4.89 21.41 0.13 0.00
4.9 20.50 0.10 0.00
4.91 20.37 0.08 0.00
4.92 20.05 0.07 0.00
4.93 20.93 0.07 0.00
4.94 21.97 0.07 0.00
4.95 22.62 0.08 0.00
4.96 23.71 0.09 0.00
4.97 22.97 0.13 0.00
4.98 22.64 0.12 0.00
4.99 22.94 0.09 0.00
5 22.70 0.06 0.00
5.01 24.09 0.05 0.00
5.02 25.42 0.05 0.00
5.03 25.14 0.03 0.00
5.04 24.87 0.02 0.00
5.05 24.59 0.01 0.00
5.06 25.41 0.00 0.00
5.07 26.18 0.00 0.00
5.08 26.32 0.01 0.00
5.09 25.55 0.02 0.00
5.1 26.35 0.00 0.00
5.11 26.62 0.00 0.00
5.12 27.09 0.00 0.00
5.13 28.12 0.00 0.00
5.14 28.00 0.02 0.00
5.15 27.23 0.05 0.00
5.16 26.46 0.06 0.00
5.17 25.69 0.05 0.00
5.18 25.27 0.05 0.00
5.19 24.85 0.05 0.00
5.2 24.43 0.06 0.00
5.21 24.61 0.06 0.00
5.22 25.45 0.04 0.00
5.23 24.51 0.05 0.00
5.24 24.60 0.04 0.00
5.25 23.00 0.01 0.00
5.26 23.59 0.02 0.00
5.27 24.18 0.00 0.00
5.28 24.77 0.00 0.00
5.29 24.59 0.00 0.00
5.3 27.15 0.00 0.00
5.31 28.48 0.00 0.00
5.32 32.98 0.01 0.00
5.33 32.08 0.02 0.00
5.34 32.78 0.03 0.00
5.35 33.95 0.04 0.00
5.36 32.36 0.21 0.00
5.37 34.04 0.21 0.00
5.38 32.50 0.20 0.00
5.39 31.14 0.17 0.00
5.4 31.70 0.16 0.00
5.41 33.07 0.16 0.00
5.42 34.26 0.15 0.00
5.43 33.56 0.15 0.00
5.44 33.23 0.15 0.00
5.45 33.67 0.22 0.00
5.46 34.70 0.23 0.00
5.47 35.73 0.21 0.00
5.48 36.76 0.19 0.00
5.49 36.49 0.16 0.00
5.5 35.86 0.14 0.00
5.51 35.23 0.12 0.00
5.52 34.60 0.12 0.00
5.53 34.52 0.12 0.00
5.54 35.28 0.13 0.00
5.55 36.23 0.09 0.00
5.56 36.81 0.09 0.00
5.57 38.49 0.06 0.00
5.58 37.51 0.07 0.00
5.59 39.50 0.07 0.00
5.6 41.55 0.08 0.00
5.61 42.11 0.07 0.00
5.62 41.76 0.07 0.00
5.63 41.10 0.07 0.00
5.64 41.97 0.07 0.00
5.65 44.52 0.07 0.00
5.66 42.86 0.06 0.00
5.67 46.05 0.07 0.00
5.68 46.25 0.08 0.00
5.69 44.64 0.09 0.00
5.7 46.42 0.09 0.00
5.71 46.44 0.21 0.00
5.72 45.53 0.33 0.00
5.73 47.45 0.45 0.00
5.74 50.45 0.45 0.00
5.75 53.88 0.44 0.00
5.76 54.81 0.43 0.00
5.77 58.39 0.39 0.00
5.78 58.01 0.40 0.00
5.79 59.28 0.42 0.00
5.8 58.07 0.44 0.00
5.81 59.48 0.42 0.00
5.82 60.10 0.44 0.00
5.83 60.46 0.30 0.00
5.84 60.83 0.29 0.00
5.85 61.19 0.30 0.00
5.86 60.70 0.26 0.00
5.87 58.04 0.25 0.00
5.88 59.74 0.26 0.00
5.89 59.87 0.27 0.00
5.9 60.55 0.29 0.00
5.91 60.49 0.37 0.00
5.92 58.83 0.39 0.00
5.93 60.66 0.42 0.00
5.94 65.30 0.34 0.00
5.95 68.44 0.20 0.00
5.96 69.02 0.22 0.00
5.97 72.52 0.19 0.00
5.98 76.80 0.21 0.00
5.99 70.88 0.18 0.00
6 64.97 0.15 0.00
6.01 59.05 0.15 0.00
6.02 58.41 0.15 0.00
6.03 57.77 0.16 0.00
6.04 57.13 0.13 0.00
6.05 60.48 0.10 0.00
6.06 59.55 0.09 0.00
6.07 58.62 0.09 0.00
6.08 57.69 0.08 0.00
6.09 60.87 0.08 0.00
6.1 64.10 0.09 0.00
6.11 63.45 0.11 0.00
6.12 64.54 0.12 0.00
6.13 62.84 0.13 0.00
6.14 62.73 0.15 0.00
6.15 60.69 0.16 0.00
6.16 60.79 0.24 0.00
6.17 62.84 0.37 0.00
6.18 61.47 0.34 0.00
6.19 60.11 0.37 0.00
6.2 58.74 0.31 0.00
6.21 54.61 0.31 0.00
6.22 52.58 0.31 0.00
6.23 54.30 0.31 0.00
6.24 56.73 0.37 0.00
6.25 59.74 0.43 0.00
6.26 59.66 0.49 0.00
6.27 58.43 0.49 0.00
6.28 57.21 0.49 0.00
6.29 55.98 0.49 0.00
6.3 53.25 0.53 0.00
6.31 52.99 0.58 0.00
6.32 53.85 0.63 0.00
6.33 55.83 0.68 0.00
6.34 55.69 0.57 0.00
6.35 55.12 0.38 0.00
6.36 55.05 0.27 0.00
6.37 57.38 0.24 0.00
6.38 62.53 0.16 0.00
6.39 65.45 0.18 0.00
6.4 65.76 0.20 0.00
6.41 65.18 0.22 0.00
6.42 64.05 0.32 0.00
6.43 64.06 0.32 0.00
6.44 64.65 0.36 0.00
6.45 65.73 0.47 0.00
6.46 66.14 0.43 0.00
6.47 66.42 0.41 0.00
6.48 65.30 0.39 0.00
6.49 63.71 0.37 0.00
6.5 62.13 0.38 0.00
6.51 60.54 0.39 0.00
6.52 57.15 0.41 0.00
6.53 54.54 0.37 0.00
6.54 53.74 0.40 0.00
6.55 55.93 0.30 0.00
6.56 57.42 0.23 0.00
6.57 58.30 0.23 0.00
6.58 58.01 0.22 0.00
6.59 56.23 0.21 0.00
6.6 55.86 0.17 0.00
6.61 56.59 0.18 0.00
6.62 53.65 0.26 0.00
6.63 51.87 0.33 0.00
6.64 51.51 0.41 0.00
6.65 50.77 0.42 0.00
6.66 49.99 0.42 0.00
6.67 50.47 0.43 0.00
6.68 49.95 0.46 0.00
6.69 49.51 0.48 0.00
6.7 48.59 0.50 0.00
6.71 47.28 0.51 0.00
6.72 49.77 0.52 0.00
6.73 49.77 0.71 0.00
6.74 49.49 0.76 0.00
6.75 47.57 0.90 0.00
6.76 49.94 0.91 0.00
6.77 47.60 0.79 0.00
6.78 42.38 0.65 0.00
6.79 41.93 0.63 0.00
6.8 41.61 0.61 0.00
6.81 40.34 0.57 0.00
6.82 39.64 0.48 0.00
6.83 39.63 0.46 0.00
6.84 37.15 0.45 0.00
6.85 36.51 0.44 0.00
6.86 36.67 0.43 0.00
6.87 36.92 0.40 0.00
6.88 38.14 0.37 0.00
6.89 38.41 0.33 0.00
6.9 38.97 0.29 0.00
6.91 41.11 0.26 0.00
6.92 38.52 0.20 0.00
6.93 36.19 0.20 0.00
6.94 36.13 0.20 0.00
6.95 36.19 0.21 0.00
6.96 37.09 0.22 0.00
6.97 37.96 0.22 0.00
6.98 40.81 0.28 0.00
6.99 43.38 0.29 0.00
7 42.82 0.30 0.00
7.01 41.79 0.34 0.00
7.02 40.77 0.37 0.00
7.03 39.74 0.38 0.00
7.04 40.32 0.43 0.00
7.05 39.77 0.45 0.00
7.06 35.74 0.50 0.00
7.07 37.13 0.45 0.00
7.08 37.05 0.23 0.00
7.09 36.98 0.20 0.00
7.1 36.90 0.25 0.00
7.11 38.03 0.29 0.00
7.12 37.04 0.34 0.00
7.13 36.66 0.40 0.00
7.14 36.48 0.44 0.00
7.15 39.94 0.38 0.00
7.16 43.32 0.31 0.00
7.17 45.53 0.30 0.00
7.18 41.62 0.29 0.00
7.19 40.60 0.37 0.00
7.2 38.88 0.46 0.00
7.21 40.69 0.44 0.00
7.22 39.62 0.42 0.00
7.23 38.61 0.40 0.00
7.24 39.30 0.40 0.00
7.25 42.32 0.39 0.00
7.26 43.70 0.38 0.00
7.27 42.41 0.34 0.00
7.28 39.05 0.34 0.00
7.29 37.02 0.33 0.00
7.3 36.91 0.33 0.00
7.31 36.04 0.37 0.00
7.32 35.16 0.26 0.00
7.33 34.29 0.17 0.00
7.34 34.54 0.20 0.00
7.35 34.04 0.20 0.00
7.36 35.41 0.20 0.00
7.37 36.54 0.20 0.00
7.38 35.00 0.21 0.00
7.39 34.50 0.22 0.00
7.4 34.01 0.22 0.00
7.41 33.51 0.18 0.00
7.42 32.92 0.13 0.00
7.43 33.68 0.08 0.00
7.44 34.27 0.05 0.00
7.45 35.54 0.04 0.00
7.46 35.10 0.05 0.00
7.47 34.22 0.03 0.00
7.48 33.09 0.03 0.00
7.49 33.45 0.04 0.00
7.5 30.97 0.05 0.00
7.51 28.54 0.06 0.00
7.52 28.54 0.06 0.00
7.53 28.33 0.03 0.00
7.54 28.39 0.02 0.00
7.55 27.81 0.03 0.00
7.56 29.05 0.03 0.00
7.57 30.38 0.03 0.00
7.58 31.31 0.03 0.00
7.59 29.78 0.04 0.00
7.6 29.18 0.04 0.00
7.61 28.58 0.16 0.00
7.62 27.98 0.23 0.00
7.63 28.77 0.38 0.00
7.64 27.78 0.45 0.00
7.65 28.72 0.44 0.00
7.66 30.77 0.38 0.00
7.67 31.86 0.32 0.00
7.68 31.16 0.32 0.00
7.69 29.17 0.31 0.00
7.7 26.71 0.20 0.00
7.71 24.21 0.19 0.00
7.72 22.94 0.18 0.00
7.73 22.26 0.17 0.00
7.74 21.57 0.14 0.00
7.75 20.89 0.08 0.00
7.76 21.42 0.11 0.00
7.77 21.01 0.13 0.00
7.78 20.61 0.16 0.00
7.79 20.20 0.17 0.00
7.8 20.02 0.17 0.00
7.81 19.64 0.24 0.00
7.82 19.26 0.27 0.00
7.83 18.88 0.27 0.00
7.84 19.64 0.23 0.00
7.85 19.36 0.20 0.00
7.86 18.96 0.14 0.00
7.87 18.59 0.11 0.00
7.88 18.16 0.10 0.00
7.89 18.72 0.06 0.00
7.9 17.98 0.08 0.00
7.91 17.00 0.09 0.00
7.92 16.74 0.11 0.00
7.93 16.49 0.09 0.00
7.94 16.23 0.09 0.00
7.95 16.43 0.07 0.00
7.96 16.75 0.09 0.00
7.97 15.57 0.08 0.00
7.98 14.91 0.08 0.00
7.99 14.82 0.08 0.00
8 15.36 0.12 0.00
8.01 15.68 0.16 0.00
8.02 16.75 0.16 0.00
8.03 15.69 0.08 0.00
8.04 14.62 0.08 0.00
8.05 13.56 0.09 0.00
8.06 13.12 0.09 0.00
8.07 13.01 0.05 0.00
8.08 12.82 0.05 0.00
8.09 12.35 0.04 0.00
8.1 12.30 0.04 0.00
8.11 12.25 0.04 0.00
8.12 12.20 0.04 0.00
8.13 12.07 0.03 0.00
8.14 11.95 0.03 0.00
8.15 11.82 0.03 0.00
8.16 12.22 0.02 0.00
8.17 12.54 0.02 0.00
8.18 12.85 0.02 0.00
8.19 14.01 0.02 0.00
8.2 14.12 0.03 0.00
8.21 13.65 0.04 0.00
8.22 13.19 0.06 0.00
8.23 12.72 0.05 0.00
8.24 13.24 0.04 0.00
8.25 10.44 0.04 0.00
8.26 10.97 0.04 0.00
8.27 11.51 0.04 0.00
8.28 12.04 0.04 0.00
8.29 12.06 0.02 0.00
8.3 11.90 0.02 0.00
8.31 11.75 0.00 0.00
8.32 11.59 0.00 0.00
8.33 12.13 0.00 0.00
8.34 12.75 0.01 0.00
8.35 13.37 0.03 0.00
8.36 13.99 0.04 0.00
8.37 14.77 0.05 0.00
8.38 14.17 0.05 0.00
8.39 14.70 0.06 0.00
8.4 14.68 0.07 0.00
8.41 15.60 0.09 0.00
8.42 16.53 0.08 0.00
8.43 17.45 0.08 0.00
8.44 17.14 0.08 0.00
8.45 17.01 0.07 0.00
8.46 18.42 0.07 0.00
8.47 18.87 0.07 0.00
8.48 20.31 0.07 0.00
8.49 22.16 0.07 0.00
8.5 18.74 0.07 0.00
8.51 18.33 0.08 0.00
8.52 17.93 0.14 0.00
8.53 17.52 0.18 0.00
8.54 18.03 0.14 0.00
8.55 20.01 0.12 0.00
8.56 20.03 0.13 0.00
8.57 20.45 0.10 0.00
8.58 20.12 0.08 0.00
8.59 19.73 0.06 0.00
8.6 19.48 0.06 0.00
8.61 20.97 0.06 0.00
8.62 22.14 0.05 0.00
8.63 21.67 0.03 0.00
8.64 22.63 0.02 0.00
8.65 22.35 0.00 0.00
8.66 23.16 0.00 0.00
8.67 24.14 0.00 0.00
8.68 23.89 0.00 0.00
8.69 23.33 0.00 0.00
8.7 22.78 0.00 0.00
8.71 22.22 0.00 0.00
8.72 22.84 0.00 0.00
8.73 23.15 0.00 0.00
8.74 22.77 0.00 0.00
8.75 22.39 0.02 0.00
8.76 21.66 0.02 0.00
8.77 22.43 0.02 0.00
8.78 24.68 0.02 0.00
8.79 25.52 0.06 0.00
8.8 26.54 0.07 0.00
8.81 26.30 0.08 0.00
8.82 27.05 0.08 0.00
8.83 28.30 0.08 0.00
8.84 30.04 0.08 0.00
8.85 31.44 0.07 0.00
8.86 33.43 0.06 0.00
8.87 34.05 0.06 0.00
8.88 35.38 0.07 0.00
8.89 37.94 0.08 0.00
8.9 40.76 0.08 0.00
8.91 42.05 0.08 0.00
8.92 42.78 0.08 0.00
8.93 44.24 0.08 0.00
8.94 45.57 0.09 0.00
8.95 46.55 0.10 0.00
8.96 47.59 0.11 0.00
8.97 47.91 0.14 0.00
8.98 48.32 0.10 0.00
8.99 48.24 0.02 0.00
9 46.25 0.02 0.00
9.01 46.42 0.03 0.00
9.02 47.46 0.04 0.00
9.03 47.01 0.05 0.00
9.04 47.36 0.10 0.00
9.05 47.61 0.10 0.00
9.06 46.51 0.10 0.00
9.07 46.87 0.10 0.00
9.08 47.77 0.10 0.00
9.09 48.30 0.10 0.00
9.1 45.79 0.08 0.00
9.11 45.58 0.07 0.00
9.12 45.38 0.10 0.00
9.13 45.17 0.13 0.00
9.14 46.30 0.16 0.00
9.15 46.55 0.19 0.00
9.16 45.97 0.17 0.00
9.17 45.37 0.16 0.00
9.18 44.94 0.15 0.00
9.19 44.89 0.15 0.00
9.2 45.56 0.15 0.00
9.21 44.26 0.10 0.00
9.22 44.39 0.06 0.00
9.23 42.81 0.08 0.00
9.24 42.41 0.10 0.00
9.25 40.01 0.12 0.00
9.26 39.38 0.17 0.00
9.27 38.74 0.29 0.00
9.28 38.11 0.32 0.00
9.29 40.17 0.30 0.00
9.3 40.43 0.30 0.00
9.31 39.54 0.30 0.00
9.32 40.42 0.30 0.00
9.33 41.83 0.22 0.00
9.34 41.46 0.21 0.00
9.35 39.54 0.21 0.00
9.36 40.11 0.20 0.00
9.37 40.22 0.19 0.00
9.38 40.32 0.19 0.00
9.39 38.43 0.19 0.00
9.4 38.18 0.17 0.00
9.41 37.08 0.18 0.00
9.42 37.57 0.12 0.00
9.43 38.70 0.06 0.00
9.44 38.97 0.08 0.00
9.45 37.36 0.10 0.00
9.46 36.17 0.11 0.00
9.47 35.62 0.12 0.00
9.48 34.96 0.10 0.00
9.49 34.31 0.10 0.00
9.5 33.65 0.11 0.00
9.51 33.11 0.11 0.00
9.52 31.46 0.12 0.00
9.53 30.88 0.13 0.00
9.54 30.79 0.14 0.00
9.55 31.20 0.12 0.00
9.56 30.99 0.12 0.00
9.57 28.75 0.12 0.00
9.58 26.52 0.12 0.00
9.59 26.13 0.11 0.00
9.6 25.75 0.11 0.00
9.61 25.36 0.10 0.00
9.62 23.99 0.13 0.00
9.63 22.85 0.17 0.00
9.64 21.38 0.20 0.00
9.65 21.07 0.20 0.00
9.66 21.14 0.21 0.00
9.67 21.47 0.21 0.00
9.68 21.06 0.23 0.00
9.69 20.56 0.25 0.00
9.7 20.80 0.27 0.00
9.71 21.77 0.28 0.00
9.72 23.78 0.27 0.00
9.73 25.23 0.25 0.00
9.74 26.21 0.21 0.00
9.75 27.74 0.18 0.00
9.76 28.27 0.16 0.00
9.77 29.18 0.14 0.00
9.78 30.64 0.12 0.00
9.79 31.28 0.13 0.00
9.8 31.54 0.13 0.00
9.81 31.02 0.14 0.00
9.82 32.40 0.14 0.00
9.83 31.86 0.12 0.00
9.84 29.72 0.10 0.00
9.85 27.37 0.11 0.00
9.86 25.92 0.12 0.00
9.87 25.05 0.12 0.00
9.88 24.34 0.12 0.00
9.89 23.79 0.12 0.00
9.9 21.44 0.13 0.00
9.91 18.81 0.13 0.00
9.92 18.39 0.14 0.00
9.93 17.61 0.13 0.00
9.94 16.40 0.12 0.00
9.95 14.92 0.12 0.00
9.96 14.18 0.17 0.00
9.97 14.20 0.17 0.00
9.98 13.82 0.17 0.00
9.99 13.16 0.17 0.00
10 13.06 0.17 0.00
10.01 13.03 0.16 0.00
10.02 12.87 0.16 0.00
10.03 12.67 0.16 0.00
10.04 12.49 0.15 0.00
10.05 12.22 0.14 0.00
10.06 12.06 0.14 0.00
10.07 11.88 0.13 0.00
10.08 11.82 0.12 0.00
10.09 11.76 0.12 0.00
10.1 11.60 0.08 0.00
10.11 11.29 0.07 0.00
10.12 10.99 0.06 0.00
10.13 10.68 0.04 0.00
10.14 10.64 0.04 0.00
10.15 10.58 0.04 0.00
10.16 10.58 0.03 0.00
10.17 10.62 0.03 0.00
10.18 10.63 0.03 0.00
10.19 10.63 0.03 0.00
10.2 10.61 0.03 0.00
10.21 10.57 0.03 0.00
10.22 10.54 0.03 0.00
10.23 10.52 0.03 0.00
10.24 10.53 0.03 0.00
10.25 10.58 0.03 0.00
10.26 10.74 0.03 0.00
10.27 10.82 0.03 0.00
10.28 10.92 0.03 0.00
10.29 10.99 0.03 0.00
10.3 11.06 0.03 0.00
10.31 11.08 0.03 0.00
10.32 11.13 0.04 0.00
10.33 11.22 0.04 0.00
10.34 11.30 0.04 0.00
10.35 11.42 0.04 0.00
10.36 11.59 0.04 0.00
10.37 11.68 0.05 0.00
10.38 11.80 0.05 0.00
10.39 11.98 0.05 0.00
10.4 12.24 0.05 0.00
10.41 12.89 0.05 0.00
10.42 12.83 0.05 0.00
10.43 12.38 0.06 0.00
10.44 12.11 0.06 0.00
10.45 12.20 0.07 0.00
10.46 12.33 0.06 0.00
10.47 12.25 0.06 0.00
10.48 12.18 0.06 0.00
10.49 12.27 0.05 0.00
10.5 12.21 0.05 0.00
10.51 12.13 0.05 0.00
10.52 12.16 0.05 0.00
10.53 12.16 0.05 0.00
10.54 12.03 0.04 0.00
10.55 11.97 0.05 0.00
10.56 11.97 0.05 0.00
10.57 11.96 0.05 0.00
10.58 12.01 0.05 0.00
10.59 12.05 0.04 0.00
10.6 12.16 0.04 0.00
10.61 12.27 0.04 0.00
10.62 12.33 0.04 0.00
10.63 12.44 0.04 0.00
10.64 12.64 0.04 0.00
10.65 12.83 0.04 0.00
10.66 13.04 0.04 0.00
10.67 13.28 0.04 0.00
10.68 13.51 0.04 0.00
10.69 13.90 0.05 0.00
10.7 14.17 0.05 0.00
10.71 14.47 0.05 0.00
10.72 14.78 0.05 0.00
10.73 15.04 0.05 0.00
10.74 15.35 0.06 0.00
10.75 15.58 0.06 0.00
10.76 15.80 0.06 0.00
10.77 15.99 0.06 0.00
10.78 16.26 0.06 0.00
10.79 16.42 0.06 0.00
10.8 16.58 0.06 0.00
10.81 16.72 0.06 0.00
10.82 16.94 0.06 0.00
10.83 17.08 0.07 0.00
10.84 17.20 0.07 0.00
10.85 17.36 0.07 0.00
10.86 17.45 0.07 0.00
10.87 17.61 0.07 0.00
10.88 17.72 0.07 0.00
10.89 17.80 0.07 0.00
10.9 17.90 0.07 0.00
10.91 18.02 0.06 0.00
10.92 18.13 0.06 0.00
10.93 18.17 0.06 0.00
10.94 18.19 0.06 0.00
10.95 18.24 0.06 0.00
10.96 18.33 0.06 0.00
10.97 18.33 0.06 0.00
10.98 18.33 0.06 0.00
10.99 18.35 0.06 0.00
11 18.33 0.06 0.00
11.01 18.32 0.06 0.00
11.02 18.33 0.06 0.00
11.03 18.33 0.06 0.00
11.04 18.29 0.07 0.00
11.05 18.27 0.07 0.00
11.06 18.26 0.07 0.00
11.07 18.23 0.07 0.00
11.08 18.20 0.07 0.00
11.09 18.18 0.07 0.00
11.1 18.12 0.07 0.00
11.11 17.93 0.07 0.00
11.12 17.73 0.07 0.00
11.13 17.54 0.07 0.00
11.14 17.46 0.07 0.00
11.15 17.30 0.07 0.00
11.16 17.08 0.07 0.00
11.17 16.61 0.07 0.00
11.18 16.26 0.07 0.00
11.19 15.85 0.07 0.00
11.2 15.46 0.07 0.00
11.21 14.86 0.07 0.00
11.22 14.54 0.08 0.00
11.23 14.23 0.07 0.00
11.24 13.93 0.07 0.00
11.25 13.61 0.07 0.00
11.26 13.23 0.08 0.00
11.27 13.03 0.07 0.00
11.28 12.96 0.07 0.00
11.29 12.95 0.07 0.00
11.3 13.04 0.07 0.00
11.31 13.21 0.07 0.00
11.32 13.41 0.07 0.00
11.33 13.65 0.07 0.00
11.34 13.82 0.07 0.00
11.35 14.08 0.06 0.00
11.36 14.19 0.06 0.00
11.37 14.36 0.06 0.00
11.38 14.51 0.05 0.00
11.39 14.71 0.05 0.00
11.4 14.83 0.05 0.00
11.41 14.97 0.05 0.00
11.42 15.08 0.05 0.00
11.43 15.20 0.05 0.00
11.44 15.24 0.05 0.00
11.45 15.27 0.06 0.00
11.46 15.28 0.06 0.00
11.47 15.25 0.06 0.00
11.48 15.16 0.06 0.00
11.49 15.03 0.06 0.00
11.5 14.84 0.06 0.00
11.51 14.50 0.07 0.00
11.52 14.24 0.07 0.00
11.53 14.02 0.07 0.00
11.54 13.78 0.07 0.00
11.55 13.54 0.07 0.00
11.56 13.27 0.07 0.00
11.57 13.10 0.07 0.00
11.58 13.01 0.07 0.00
11.59 13.04 0.07 0.00
11.6 13.14 0.07 0.00
11.61 13.04 0.07 0.00
11.62 13.01 0.07 0.00
11.63 13.02 0.07 0.00
11.64 13.05 0.06 0.00
11.65 13.02 0.06 0.00
11.66 13.00 0.06 0.00
11.67 12.97 0.06 0.00
11.68 12.89 0.06 0.00
11.69 12.82 0.05 0.00
11.7 12.77 0.05 0.00
11.71 12.71 0.05 0.00
11.72 12.62 0.05 0.00
11.73 12.56 0.05 0.00
11.74 12.51 0.06 0.00
11.75 12.45 0.06 0.00
11.76 12.41 0.06 0.00
11.77 12.37 0.06 0.00
11.78 12.36 0.06 0.00
11.79 12.38 0.06 0.00
11.8 12.40 0.06 0.00
11.81 12.44 0.06 0.00
11.82 12.50 0.06 0.00
11.83 12.55 0.06 0.00
11.84 12.61 0.06 0.00
11.85 12.71 0.06 0.00
11.86 12.77 0.06 0.00
11.87 12.81 0.06 0.00
11.88 12.84 0.06 0.00
11.89 12.93 0.06 0.00
11.9 13.00 0.06 0.00
11.91 13.09 0.06 0.00
11.92 13.18 0.06 0.00
11.93 13.21 0.05 0.00
11.94 13.26 0.06 0.00
11.95 13.31 0.06 0.00
11.96 13.37 0.06 0.00
11.97 13.40 0.06 0.00
11.98 13.45 0.06 0.00
11.99 13.42 0.06 0.00
12 13.41 0.06 0.00
12.01 13.41 0.06 0.00
12.02 13.33 0.06 0.00
12.03 13.30 0.06 0.00
12.04 13.23 0.06 0.00
12.05 13.11 0.06 0.00
12.06 12.98 0.06 0.00
12.07 12.72 0.06 0.00
12.08 12.55 0.06 0.00
12.09 12.37 0.06 0.00
12.1 12.18 0.06 0.00
12.11 11.90 0.06 0.00
12.12 11.64 0.06 0.00
12.13 11.39 0.06 0.00
12.14 11.13 0.06 0.00
12.15 10.80 0.06 0.00
12.16 10.57 0.06 0.00
12.17 10.36 0.06 0.00
12.18 10.23 0.06 0.00
12.19 10.06 0.06 0.00
12.2 9.93 0.06 0.00
12.21 9.91 0.06 0.00
12.22 9.86 0.06 0.00
12.23 9.85 0.05 0.00
12.24 9.83 0.05 0.00
12.25 9.82 0.05 0.00
12.26 9.82 0.05 0.00
12.27 9.82 0.05 0.00
12.28 9.80 0.05 0.00
12.29 9.75 0.05 0.00
12.3 9.73 0.04 0.00
12.31 9.69 0.04 0.00
12.32 9.68 0.04 0.00
12.33 9.66 0.04 0.00
12.34 9.66 0.04 0.00
12.35 9.66 0.04 0.00
12.36 9.68 0.04 0.00
12.37 9.71 0.04 0.00
12.38 9.76 0.04 0.00
12.39 9.78 0.04 0.00
12.4 9.82 0.04 0.00
12.41 9.85 0.04 0.00
12.42 9.88 0.04 0.00
12.43 9.97 0.04 0.00
12.44 10.02 0.04 0.00
12.45 10.07 0.04 0.00
12.46 10.12 0.04 0.00
12.47 10.19 0.04 0.00
12.48 10.24 0.04 0.00
12.49 10.30 0.04 0.00
12.5 10.35 0.04 0.00
12.51 10.41 0.04 0.00
12.52 10.48 0.04 0.00
12.53 10.56 0.04 0.00
12.54 10.63 0.04 0.00
12.55 10.71 0.04 0.00
12.56 10.82 0.04 0.00
12.57 10.99 0.04 0.00
12.58 11.11 0.04 0.00
12.59 11.25 0.05 0.00
12.6 11.37 0.05 0.00
12.61 11.51 0.05 0.00
12.62 11.57 0.05 0.00
12.63 11.58 0.05 0.00
12.64 11.59 0.05 0.00
12.65 11.54 0.05 0.00
12.66 11.45 0.05 0.00
12.67 11.41 0.05 0.00
12.68 11.42 0.05 0.00
12.69 11.48 0.05 0.00
12.7 11.54 0.06 0.00
12.71 11.53 0.06 0.00
12.72 11.46 0.06 0.00
12.73 11.36 0.06 0.00
12.74 11.28 0.06 0.00
12.75 11.27 0.07 0.00
12.76 11.31 0.07 0.00
12.77 11.35 0.07 0.00
12.78 11.39 0.07 0.00
12.79 11.38 0.07 0.00
12.8 11.35 0.07 0.00
12.81 11.30 0.07 0.00
12.82 11.33 0.07 0.00
12.83 11.31 0.07 0.00
12.84 11.26 0.07 0.00
12.85 11.23 0.07 0.00
12.86 11.18 0.07 0.00
12.87 11.15 0.07 0.00
12.88 11.15 0.07 0.00
12.89 11.14 0.07 0.00
12.9 11.11 0.07 0.00
12.91 11.09 0.07 0.00
12.92 11.02 0.07 0.00
12.93 10.97 0.07 0.00
12.94 10.83 0.07 0.00
12.95 10.75 0.07 0.00
12.96 10.67 0.07 0.00
12.97 10.59 0.07 0.00
12.98 10.49 0.07 0.00
12.99 10.42 0.07 0.00
13 10.37 0.07 0.00
13.01 10.32 0.07 0.00
13.02 10.30 0.07 0.00
13.03 10.29 0.07 0.00
13.04 10.29 0.07 0.00
13.05 10.30 0.07 0.00
13.06 10.31 0.07 0.00
13.07 10.33 0.07 0.00
13.08 10.36 0.07 0.00
13.09 10.37 0.07 0.00
13.1 10.39 0.07 0.00
13.11 10.41 0.07 0.00
13.12 10.50 0.07 0.00
13.13 10.60 0.07 0.00
13.14 10.69 0.07 0.00
13.15 11.17 0.07 0.00
13.16 11.92 0.06 0.00
13.17 13.65 0.06 0.00
13.18 15.27 0.06 0.00
13.19 17.88 0.06 0.00
13.2 21.06 0.06 0.00
13.21 22.33 0.07 0.00
13.22 24.70 0.09 0.00
13.23 27.78 0.12 0.00
13.24 30.42 0.13 0.00
13.25 29.57 0.14 0.00
13.26 28.72 0.15 0.00
13.27 27.87 0.15 0.00
13.28 31.60 0.16 0.00
13.29 31.12 0.18 0.00
13.3 32.85 0.20 0.00
13.31 32.34 0.21 0.00
13.32 35.77 0.14 0.00
13.33 36.92 0.08 0.00
13.34 36.63 0.10 0.00
13.35 35.57 0.15 0.00
13.36 34.51 0.20 0.00
13.37 33.45 0.26 0.00
13.38 37.05 0.47 0.00
13.39 39.39 0.49 0.00
13.4 41.86 0.46 0.00
13.41 39.84 0.47 0.00
13.42 36.03 0.53 0.00
13.43 33.26 0.59 0.00
13.44 29.91 0.65 0.00
13.45 30.88 0.61 0.00
13.46 29.60 0.57 0.00
13.47 27.30 0.53 0.00
13.48 26.84 0.51 0.00
13.49 25.28 0.50 0.00
13.5 23.43 0.49 0.00
13.51 20.46 0.32 0.00
13.52 19.03 0.20 0.00
13.53 17.28 0.19 0.00
13.54 14.48 0.19 0.00
13.55 14.10 0.18 0.00
13.56 13.71 0.21 0.00
13.57 13.33 0.21 0.00
13.58 11.25 0.18 0.00
13.59 9.51 0.17 0.00
13.6 8.20 0.17 0.00
13.61 5.54 0.16 0.00
13.62 5.15 0.16 0.00
13.63 4.72 0.18 0.00
13.64 4.14 0.22 0.00
13.65 3.22 0.25 0.00
13.66 2.42 0.27 0.00
13.67 1.64 0.33 0.00
13.68 1.47 0.30 0.00
13.69 1.45 0.26 0.00
13.7 1.40 0.24 0.00
13.71 1.40 0.23 0.00
13.72 1.39 0.21 0.00
13.73 1.43 0.20 0.00
13.74 1.44 0.21 0.00
13.75 1.40 0.16 0.00
13.76 1.40 0.12 0.00
13.77 1.46 0.09 0.00
13.78 1.47 0.08 0.00
13.79 1.46 0.07 0.00
13.8 1.43 0.06 0.00
13.81 1.41 0.03 0.00
13.82 1.40 0.02 0.00
13.83 1.38 0.02 0.00
13.84 1.41 0.02 0.00
13.85 1.45 0.02 0.00
13.86 1.43 0.02 0.00
13.87 1.41 0.02 0.00
13.88 1.42 0.02 0.00
13.89 1.48 0.02 0.00
13.9 1.53 0.02 0.00
13.91 1.56 0.02 0.00
13.92 1.58 0.02 0.00
13.93 1.56 0.02 0.00
13.94 1.63 0.02 0.00
13.95 1.88 0.02 0.00
13.96 2.28 0.02 0.00
13.97 2.79 0.02 0.00
13.98 3.70 0.02 0.00
13.99 4.01 0.02 0.00
14 4.17 0.03 0.00
14.01 4.07 0.03 0.00
14.02 3.88 0.03 0.00
14.03 3.70 0.04 0.00
14.04 3.59 0.05 0.00
14.05 3.60 0.06 0.00
14.06 3.61 0.06 0.00
14.07 3.61 0.06 0.00
14.08 3.53 0.06 0.00
14.09 3.53 0.05 0.00
14.1 3.64 0.05 0.00
14.11 3.99 0.05 0.00
14.12 4.53 0.04 0.00
14.13 4.71 0.04 0.00
14.14 4.54 0.06 0.00
14.15 4.33 0.06 0.00
14.16 4.13 0.05 0.00
14.17 3.92 0.05 0.00
14.18 3.81 0.05 0.00
14.19 3.92 0.05 0.00
14.2 3.76 0.06 0.00
14.21 3.19 0.08 0.00
14.22 3.14 0.09 0.00
14.23 3.09 0.08 0.00
14.24 3.04 0.07 0.00
14.25 2.98 0.07 0.00
14.26 2.93 0.08 0.00
14.27 4.16 0.09 0.00
14.28 6.24 0.10 0.00
14.29 9.05 0.10 0.00
14.3 11.87 0.08 0.00
14.31 14.64 0.07 0.00
14.32 15.76 0.07 0.00
14.33 16.70 0.07 0.00
14.34 17.49 0.08 0.00
14.35 18.21 0.09 0.00
14.36 19.11 0.09 0.00
14.37 19.64 0.08 0.00
14.38 20.14 0.08 0.00
14.39 20.60 0.09 0.00
14.4 21.02 0.09 0.00
14.41 21.62 0.10 0.00
14.42 21.95 0.10 0.00
14.43 22.19 0.10 0.00
14.44 22.34 0.11 0.00
14.45 22.46 0.12 0.00
14.46 22.56 0.13 0.00
14.47 22.64 0.14 0.00
14.48 22.66 0.14 0.00
14.49 22.62 0.15 0.00
14.5 22.51 0.16 0.00
14.51 22.38 0.17 0.00
14.52 22.31 0.18 0.00
14.53 22.26 0.18 0.00
14.54 22.27 0.19 0.00
14.55 22.28 0.20 0.00
14.56 22.25 0.20 0.00
14.57 22.24 0.20 0.00
14.58 22.16 0.20 0.00
14.59 22.14 0.19 0.00
14.6 22.18 0.19 0.00
14.61 22.26 0.19 0.00
14.62 22.35 0.19 0.00
14.63 22.43 0.19 0.00
14.64 22.51 0.19 0.00
14.65 22.50 0.19 0.00
14.66 22.41 0.19 0.00
14.67 22.16 0.19 0.00
14.68 21.95 0.19 0.00
14.69 21.77 0.19 0.00
14.7 21.60 0.19 0.00
14.71 21.44 0.19 0.00
14.72 21.21 0.19 0.00
14.73 21.04 0.19 0.00
14.74 20.85 0.19 0.00
14.75 20.63 0.19 0.00
14.76 20.24 0.19 0.00
14.77 20.02 0.19 0.00
14.78 19.71 0.19 0.00
14.79 19.49 0.19 0.00
14.8 19.21 0.19 0.00
14.81 19.13 0.19 0.00
14.82 19.16 0.18 0.00
14.83 19.20 0.18 0.00
14.84 19.30 0.18 0.00
14.85 19.37 0.18 0.00
14.86 19.33 0.18 0.00
14.87 19.21 0.18 0.00
14.88 18.84 0.18 0.00
14.89 18.56 0.18 0.00
14.9 18.20 0.17 0.00
14.91 17.80 0.18 0.00
14.92 17.11 0.18 0.00
14.93 16.61 0.18 0.00
14.94 16.07 0.18 0.00
14.95 15.52 0.18 0.00
14.96 15.00 0.18 0.00
14.97 14.31 0.19 0.00
14.98 13.95 0.19 0.00
14.99 13.63 0.19 0.00
15 13.39 0.19 0.00
15.01 13.13 0.18 0.00
15.02 12.99 0.18 0.00
15.03 12.91 0.18 0.00
15.04 12.82 0.17 0.00
15.05 12.77 0.17 0.00
15.06 12.78 0.16 0.00
15.07 12.85 0.16 0.00
15.08 12.97 0.15 0.00
15.09 13.27 0.14 0.00
15.1 13.60 0.13 0.00
15.11 14.09 0.13 0.00
15.12 14.72 0.12 0.00
15.13 15.27 0.11 0.00
15.14 15.81 0.10 0.00
15.15 16.36 0.09 0.00
15.16 17.03 0.09 0.00
15.17 17.63 0.09 0.00
15.18 17.98 0.08 0.00
15.19 18.09 0.08 0.00
15.2 18.19 0.09 0.00
15.21 18.23 0.09 0.00
15.22 18.15 0.09 0.00
15.23 18.10 0.09 0.00
15.24 17.96 0.10 0.00
15.25 17.89 0.10 0.00
15.26 17.75 0.11 0.00
15.27 17.63 0.11 0.00
15.28 17.53 0.12 0.00
15.29 17.50 0.12 0.00
15.3 17.56 0.12 0.00
15.31 17.78 0.13 0.00
15.32 17.96 0.13 0.00
15.33 18.14 0.13 0.00
15.34 18.48 0.13 0.00
15.35 18.63 0.13 0.00
15.36 18.69 0.14 0.00
15.37 18.70 0.14 0.00
15.38 18.53 0.14 0.00
15.39 18.32 0.14 0.00
15.4 18.17 0.14 0.00
15.41 18.15 0.14 0.00
15.42 18.35 0.14 0.00
15.43 18.75 0.13 0.00
15.44 19.65 0.13 0.00
15.45 20.37 0.13 0.00
15.46 21.02 0.12 0.00
15.47 21.61 0.13 0.00
15.48 21.83 0.14 0.00
15.49 21.91 0.14 0.00
15.5 21.95 0.15 0.00
15.51 21.94 0.15 0.00
15.52 21.97 0.15 0.00
15.53 22.00 0.14 0.00
15.54 22.08 0.14 0.00
15.55 22.11 0.13 0.00
15.56 22.10 0.13 0.00
15.57 21.94 0.14 0.00
15.58 22.02 0.15 0.00
15.59 22.29 0.15 0.00
15.6 22.84 0.15 0.00
15.61 23.18 0.14 0.00
15.62 23.42 0.14 0.00
15.63 23.78 0.15 0.00
15.64 24.03 0.15 0.00
15.65 24.26 0.14 0.00
15.66 24.38 0.15 0.00
15.67 24.39 0.15 0.00
15.68 24.35 0.16 0.00
15.69 24.24 0.17 0.00
15.7 24.06 0.17 0.00
15.71 23.96 0.17 0.00
15.72 23.94 0.17 0.00
15.73 24.07 0.18 0.00
15.74 24.20 0.18 0.00
15.75 24.30 0.18 0.00
15.76 24.39 0.19 0.00
15.77 24.54 0.19 0.00
15.78 24.69 0.18 0.00
15.79 24.80 0.18 0.00
15.8 24.78 0.18 0.00
15.81 24.76 0.18 0.00
15.82 24.49 0.18 0.00
15.83 24.30 0.18 0.00
15.84 24.03 0.18 0.00
15.85 23.75 0.18 0.00
15.86 23.62 0.18 0.00
15.87 23.60 0.18 0.00
15.88 23.67 0.18 0.00
15.89 23.83 0.18 0.00
15.9 24.17 0.17 0.00
15.91 24.41 0.17 0.00
15.92 24.60 0.17 0.00
15.93 24.81 0.17 0.00
15.94 24.87 0.17 0.00
15.95 24.81 0.17 0.00
15.96 24.53 0.16 0.00
15.97 24.29 0.16 0.00
15.98 23.97 0.15 0.00
15.99 23.51 0.15 0.00
16 23.13 0.15 0.00
16.01 22.43 0.15 0.00
16.02 21.88 0.15 0.00
16.03 21.26 0.15 0.00
16.04 20.51 0.14 0.00
16.05 19.06 0.14 0.00
16.06 17.49 0.13 0.00
16.07 15.47 0.13 0.00
16.08 12.15 0.14 0.00
16.09 10.93 0.14 0.00
16.1 9.64 0.13 0.00
16.11 8.30 0.13 0.00
16.12 7.15 0.13 0.00
16.13 6.26 0.13 0.00
16.14 5.36 0.13 0.00
16.15 4.47 0.12 0.00
16.16 3.94 0.12 0.00
16.17 3.41 0.12 0.00
16.18 3.00 0.12 0.00
16.19 2.66 0.12 0.00
16.2 2.52 0.12 0.00
16.21 2.38 0.12 0.00
16.22 2.26 0.12 0.00
16.23 2.01 0.12 0.00
16.24 1.86 0.12 0.00
16.25 1.77 0.11 0.00
16.26 1.72 0.10 0.00
16.27 1.67 0.09 0.00
16.28 1.60 0.08 0.00
16.29 1.55 0.07 0.00
16.3 1.50 0.06 0.00
16.31 1.48 0.06 0.00
16.32 1.35 0.04 0.00
16.33 1.28 0.03 0.00
16.34 1.21 0.03 0.00
16.35 1.16 0.02 0.00
16.36 1.11 0.01 0.00
16.37 1.07 0.01 0.00
16.38 1.06 0.01 0.00
16.39 1.05 0.01 0.00
16.4 1.20 0.01 0.00
16.41 1.60 0.01 0.00
16.42 2.82 0.01 0.00
16.43 4.86 0.01 0.00
16.44 8.26 0.01 0.00
16.45 9.94 0.02 0.00
16.46 11.18 0.03 0.00
16.47 12.23 0.03 0.00
16.48 12.82 0.03 0.00
16.49 13.47 0.03 0.00
16.5 14.11 0.03 0.00
16.51 15.19 0.04 0.00
16.52 16.02 0.04 0.00
16.53 16.91 0.05 0.00
16.54 18.13 0.06 0.00
16.55 18.78 0.06 0.00
16.56 19.33 0.06 0.00
16.57 20.09 0.07 0.00
16.58 20.49 0.07 0.00
16.59 20.82 0.07 0.00
16.6 21.07 0.07 0.00
16.61 21.36 0.08 0.00
16.62 21.48 0.09 0.00
16.63 21.55 0.09 0.00
16.64 21.57 0.10 0.00
16.65 21.48 0.12 0.00
16.66 21.33 0.12 0.00
16.67 21.18 0.13 0.00
16.68 21.02 0.14 0.00
16.69 20.93 0.15 0.00
16.7 20.92 0.15 0.00
16.71 20.93 0.16 0.00
16.72 20.92 0.17 0.00
16.73 20.92 0.17 0.00
16.74 20.94 0.17 0.00
16.75 20.88 0.17 0.00
16.76 20.66 0.17 0.00
16.77 20.36 0.17 0.00
16.78 19.96 0.17 0.00
16.79 19.49 0.16 0.00
16.8 18.96 0.16 0.00
16.81 18.15 0.16 0.00
16.82 17.58 0.16 0.00
16.83 17.00 0.16 0.00
16.84 16.45 0.16 0.00
16.85 15.93 0.16 0.00
16.86 15.16 0.15 0.00
16.87 14.74 0.15 0.00
16.88 14.33 0.15 0.00
16.89 13.90 0.14 0.00
16.9 13.53 0.14 0.00
16.91 12.89 0.14 0.00
16.92 12.45 0.13 0.00
16.93 11.98 0.13 0.00
16.94 11.49 0.13 0.00
16.95 10.77 0.12 0.00
16.96 10.32 0.11 0.00
16.97 9.89 0.11 0.00
16.98 9.50 0.11 0.00
16.99 9.11 0.10 0.00
17 8.57 0.10 0.00
17.01 8.22 0.10 0.00
17.02 7.89 0.09 0.00
17.03 7.58 0.09 0.00
17.04 7.30 0.09 0.00
17.05 6.85 0.09 0.00
17.06 6.59 0.09 0.00
17.07 6.25 0.08 0.00
17.08 5.95 0.08 0.00
17.09 5.65 0.07 0.00
17.1 5.32 0.06 0.00
17.11 5.24 0.06 0.00
17.12 5.28 0.06 0.00
17.13 5.36 0.06 0.00
17.14 5.41 0.07 0.00
17.15 5.33 0.08 0.00
17.16 5.25 0.08 0.00
17.17 5.17 0.07 0.00
17.18 4.72 0.07 0.00
17.19 4.40 0.06 0.00
17.2 4.13 0.05 0.00
17.21 3.87 0.04 0.00
17.22 3.52 0.04 0.00
17.23 3.45 0.04 0.00
17.24 3.32 0.03 0.00
17.25 3.24 0.03 0.00
17.26 3.17 0.03 0.00
17.27 3.18 0.03 0.00
17.28 3.24 0.02 0.00
17.29 3.37 0.02 0.00
17.3 3.50 0.02 0.00
17.31 3.57 0.02 0.00
17.32 3.56 0.02 0.00
17.33 3.44 0.02 0.00
17.34 3.30 0.02 0.00
17.35 3.13 0.02 0.00
17.36 2.83 0.01 0.00
17.37 2.62 0.01 0.00
17.38 2.39 0.01 0.00
17.39 2.17 0.01 0.00
17.4 1.97 0.00 0.00
17.41 2.25 0.00 0.00
17.42 2.53 0.00 0.00
17.43 2.81 0.00 0.00
17.44 4.44 0.01 0.00
17.45 6.65 0.01 0.00
17.46 9.86 0.01 0.00
17.47 11.53 0.01 0.00
17.48 12.75 0.01 0.00
17.49 13.64 0.01 0.00
17.5 14.68 0.01 0.00
17.51 15.24 0.01 0.00
17.52 15.72 0.01 0.00
17.53 16.13 0.02 0.00
17.54 16.77 0.03 0.00
17.55 17.16 0.04 0.00
17.56 17.54 0.05 0.00
17.57 17.89 0.06 0.00
17.58 18.35 0.07 0.00
17.59 18.68 0.08 0.00
17.6 19.00 0.09 0.00
17.61 19.34 0.10 0.00
17.62 19.76 0.11 0.00
17.63 19.98 0.12 0.00
17.64 20.13 0.13 0.00
17.65 20.31 0.14 0.00
17.66 20.74 0.15 0.00
17.67 21.06 0.16 0.00
17.68 21.41 0.16 0.00
17.69 21.78 0.17 0.00
17.7 22.14 0.17 0.00
17.71 22.54 0.18 0.00
17.72 22.81 0.18 0.00
17.73 22.88 0.18 0.00
17.74 22.91 0.18 0.00
17.75 22.88 0.18 0.00
17.76 22.80 0.18 0.00
17.77 22.72 0.18 0.00
17.78 22.69 0.18 0.00
17.79 22.65 0.18 0.00
17.8 22.72 0.18 0.00
17.81 22.76 0.18 0.00
17.82 22.74 0.19 0.00
17.83 22.67 0.19 0.00
17.84 22.55 0.19 0.00
17.85 22.31 0.19 0.00
17.86 22.04 0.19 0.00
17.87 21.58 0.19 0.00
17.88 21.28 0.19 0.00
17.89 21.09 0.19 0.00
17.9 20.85 0.19 0.00
17.91 20.64 0.19 0.00
17.92 20.23 0.18 0.00
17.93 19.81 0.18 0.00
17.94 19.40 0.18 0.00
17.95 19.05 0.18 0.00
17.96 18.53 0.18 0.00
17.97 18.21 0.18 0.00
17.98 17.90 0.18 0.00
17.99 17.63 0.18 0.00
18 17.28 0.18 0.00
18.01 17.07 0.17 0.00
18.02 16.90 0.17 0.00
18.03 16.72 0.17 0.00
18.04 16.63 0.17 0.00
18.05 16.59 0.17 0.00
18.06 16.64 0.16 0.00
18.07 16.66 0.16 0.00
18.08 16.66 0.16 0.00
18.09 16.64 0.15 0.00
18.1 16.62 0.15 0.00
18.11 16.53 0.15 0.00
18.12 16.38 0.15 0.00
18.13 16.28 0.14 0.00
18.14 16.18 0.14 0.00
18.15 16.09 0.13 0.00
18.16 16.07 0.13 0.00
18.17 16.04 0.12 0.00
18.18 16.02 0.12 0.00
18.19 16.25 0.11 0.00
18.2 16.34 0.11 0.00
18.21 16.49 0.12 0.00
18.22 16.71 0.12 0.00
18.23 16.98 0.12 0.00
18.24 17.36 0.12 0.00
18.25 17.60 0.11 0.00
18.26 17.84 0.12 0.00
18.27 18.02 0.11 0.00
18.28 18.04 0.11 0.00
18.29 17.98 0.10 0.00
18.3 17.71 0.09 0.00
18.31 17.45 0.09 0.00
18.32 17.16 0.09 0.00
18.33 16.74 0.09 0.00
18.34 16.34 0.09 0.00
18.35 15.81 0.09 0.00
18.36 15.15 0.09 0.00
18.37 13.90 0.10 0.00
18.38 13.06 0.10 0.00
18.39 12.16 0.11 0.00
18.4 11.25 0.11 0.00
18.41 9.64 0.12 0.00
18.42 8.65 0.12 0.00
18.43 7.72 0.13 0.00
18.44 6.89 0.13 0.00
18.45 5.64 0.13 0.00
18.46 4.85 0.13 0.00
18.47 4.19 0.14 0.00
18.48 3.74 0.13 0.00
18.49 3.23 0.13 0.00
18.5 2.97 0.13 0.00
18.51 2.84 0.13 0.00
18.52 2.78 0.13 0.00
18.53 2.62 0.13 0.00
18.54 2.45 0.12 0.00
18.55 2.34 0.12 0.00
18.56 2.29 0.11 0.00
18.57 2.19 0.09 0.00
18.58 2.24 0.07 0.00
18.59 2.45 0.06 0.00
18.6 2.75 0.05 0.00
18.61 3.10 0.06 0.00
18.62 3.10 0.06 0.00
18.63 3.08 0.06 0.00
18.64 3.35 0.07 0.00
18.65 4.33 0.06 0.00
18.66 4.68 0.06 0.00
18.67 5.12 0.06 0.00
18.68 5.55 0.06 0.00
18.69 6.30 0.06 0.00
18.7 6.98 0.06 0.00
18.71 7.71 0.06 0.00
18.72 8.31 0.06 0.00
18.73 9.08 0.05 0.00
18.74 9.48 0.04 0.00
18.75 9.67 0.03 0.00
18.76 9.75 0.03 0.00
18.77 9.80 0.03 0.00
18.78 9.87 0.04 0.00
18.79 9.99 0.04 0.00
18.8 10.18 0.04 0.00
18.81 10.49 0.04 0.00
18.82 10.62 0.04 0.00
18.83 10.57 0.04 0.00
18.84 10.37 0.05 0.00
18.85 9.86 0.05 0.00
18.86 9.36 0.05 0.00
18.87 8.91 0.05 0.00
18.88 8.53 0.05 0.00
18.89 8.21 0.05 0.00
18.9 7.90 0.06 0.00
18.91 7.79 0.06 0.00
18.92 7.78 0.06 0.00
18.93 7.88 0.07 0.00
18.94 8.08 0.08 0.00
18.95 8.66 0.10 0.00
18.96 9.22 0.10 0.00
18.97 9.85 0.10 0.00
18.98 10.53 0.10 0.00
18.99 11.39 0.10 0.00
19 11.87 0.10 0.00
19.01 12.43 0.11 0.00
19.02 13.49 0.11 0.00
19.03 14.18 0.11 0.00
19.04 14.75 0.11 0.00
19.05 15.24 0.10 0.00
19.06 15.72 0.07 0.00
19.07 15.75 0.06 0.00
19.08 15.67 0.06 0.00
19.09 15.54 0.06 0.00
19.1 15.26 0.05 0.00
19.11 14.51 0.05 0.00
19.12 13.92 0.05 0.00
19.13 13.29 0.06 0.00
19.14 12.59 0.06 0.00
19.15 11.82 0.07 0.00
19.16 10.25 0.10 0.00
19.17 10.57 0.09 0.00
19.18 10.07 0.09 0.00
19.19 9.42 0.09 0.00
19.2 9.05 0.10 0.00
19.21 8.78 0.10 0.00
19.22 8.61 0.10 0.00
19.23 8.51 0.11 0.00
19.24 8.40 0.11 0.00
19.25 8.32 0.11 0.00
19.26 8.19 0.12 0.00
19.27 8.07 0.12 0.00
19.28 7.97 0.11 0.00
19.29 7.71 0.11 0.00
19.3 7.45 0.10 0.00
19.31 7.13 0.08 0.00
19.32 6.75 0.07 0.00
19.33 6.32 0.06 0.00
19.34 5.64 0.05 0.00
19.35 5.14 0.04 0.00
19.36 4.59 0.03 0.00
19.37 4.08 0.03 0.00
19.38 3.67 0.02 0.00
19.39 3.34 0.02 0.00
19.4 2.94 0.02 0.00
19.41 2.75 0.02 0.00
19.42 2.64 0.02 0.00
19.43 2.62 0.03 0.00
19.44 2.69 0.03 0.00
19.45 2.80 0.03 0.00
19.46 2.89 0.03 0.00
19.47 3.00 0.03 0.00
19.48 3.18 0.04 0.00
19.49 3.42 0.04 0.00
19.5 3.54 0.04 0.00
19.51 3.69 0.04 0.00
19.52 3.86 0.04 0.00
19.53 4.11 0.03 0.00
19.54 4.69 0.03 0.00
19.55 5.19 0.04 0.00
19.56 5.70 0.04 0.00
19.57 6.06 0.04 0.00
19.58 6.32 0.04 0.00
19.59 6.50 0.03 0.00
19.6 6.73 0.03 0.00
19.61 7.01 0.03 0.00
19.62 7.28 0.03 0.00
19.63 7.67 0.03 0.00
19.64 7.82 0.04 0.00
19.65 7.82 0.04 0.00
19.66 7.79 0.04 0.00
19.67 7.75 0.04 0.00
19.68 7.66 0.03 0.00
19.69 7.47 0.03 0.00
19.7 7.33 0.03 0.00
19.71 7.25 0.03 0.00
19.72 7.16 0.03 0.00
19.73 6.93 0.03 0.00
19.74 6.77 0.02 0.00
19.75 6.62 0.02 0.00
19.76 6.62 0.02 0.00
19.77 6.83 0.02 0.00
19.78 7.30 0.03 0.00
19.79 7.70 0.03 0.00
19.8 8.07 0.04 0.00
19.81 8.33 0.05 0.00
19.82 8.45 0.05 0.00
19.83 8.25 0.05 0.00
19.84 7.82 0.05 0.00
19.85 7.32 0.04 0.00
19.86 6.76 0.03 0.00
19.87 6.13 0.03 0.00
19.88 5.32 0.02 0.00
19.89 4.90 0.02 0.00
19.9 4.55 0.02 0.00
19.91 4.24 0.03 0.00
19.92 3.95 0.04 0.00
19.93 3.69 0.04 0.00
19.94 3.37 0.05 0.00
19.95 3.14 0.05 0.00
19.96 3.00 0.05 0.00
19.97 2.97 0.06 0.00
19.98 2.92 0.07 0.00
19.99 2.74 0.07 0.00
20 2.69 0.06 0.00
20.01 2.63 0.06 0.00
20.02 2.52 0.05 0.00
20.03 2.43 0.03 0.00
20.04 2.35 0.02 0.00
20.05 2.30 0.01 0.00
20.06 2.22 0.01 0.00
20.07 2.14 0.01 0.00
20.08 2.05 0.01 0.00
20.09 1.96 0.01 0.00
20.1 1.78 0.01 0.00
20.11 1.68 0.01 0.00
20.12 1.56 0.01 0.00
20.13 1.42 0.01 0.00
20.14 1.32 0.01 0.00
20.15 1.27 0.01 0.00