mscl SARA_simplefault_loc
magtable AR-0002a 6.05 0.1 5.324478664e-04 4.351775004e-04 3.556769945e-04 2.907000576e-04 2.375934480e-04 1.941886320e-04 1.587132353e-04 1.297186699e-04 1.060209836e-04 8.665251484e-05 7.082237941e-05 5.788417607e-05
magtable AR-0015a 6.05 0.1 4.424907126e-04 3.616541908e-04 2.955853084e-04 2.415862355e-04 1.974519962e-04 1.613804310e-04 1.318986083e-04 1.078026795e-04 8.810872117e-05
magtable AR-0016a 6.05 0.1 2.831416751e-03 2.314158704e-03 1.891396067e-03 1.545865923e-03
magtable AR-0016b 6.05 0.1 2.415424704e-03 1.974162264e-03 1.613511958e-03 1.318747139e-03 1.077831502e-03 8.809275963e-04 7.199951274e-04
magtable AR-0016c 6.05 0.1 3.096088371e-03 2.530478725e-03 2.068197613e-03 1.690368437e-03 1.381563074e-03 1.129171893e-03 9.228888555e-04 7.542906839e-04 6.164929097e-04 5.038687548e-04 4.118193707e-04 3.365860503e-04 2.750967471e-04
magtable AR-0017i 6.05 0.1 5.202850349e-04 4.252366387e-04 3.475521815e-04 2.840595280e-04 2.321660451e-04 1.897527356e-04 1.550877116e-04 1.267554759e-04 1.035991214e-04 8.467309112e-05 6.920456719e-05 5.656191426e-05
magtable AR-0018a 6.05 0.1 4.442680701e-04 3.631068513e-04 2.967725892e-04 2.425566177e-04
magtable AR-0019a 6.05 0.1 4.901159605e-04 4.005790089e-04 3.273991367e-04 2.675881470e-04 2.187037423e-04 1.787497968e-04 1.460948473e-04
magtable AR-0020a 6.05 0.1 8.002839318e-04 6.540838701e-04 5.345924016e-04 4.369302607e-04 3.571095514e-04 2.918709075e-04 2.385504009e-04 1.949707638e-04 1.593524831e-04 1.302411366e-04 1.064480033e-04
magtable AR-0022e 6.05 0.1 2.755113898e-03 2.251795256e-03 1.840425500e-03 1.504206927e-03 1.229410524e-03 1.004815368e-03 8.212504321e-04 6.712201003e-04 5.485980955e-04 4.483773211e-04
magtable AR-0023b 6.05 0.1 5.398885534e-04 4.412588837e-04 3.606473989e-04 2.947624424e-04 2.409136951e-04 1.969023190e-04 1.609311717e-04 1.315314221e-04 1.075025727e-04 8.786343947e-05 7.181208599e-05 5.869307787e-05
magtable AR-0024a 6.05 0.1 5.952389081e-04 4.864975457e-04 3.976216250e-04 3.249820232e-04 2.656126045e-04 2.170891022e-04 1.774301276e-04 1.450162623e-04 1.185239317e-04 9.687135882e-05 7.917439144e-05 6.471039878e-05 5.288876408e-05
magtable AR-0024d 6.05 0.1 4.029345672e-04 3.293243693e-04 2.691616680e-04 2.199898043e-04 1.798009142e-04 1.469539411e-04 1.201076252e-04
magtable AR-0025a 6.05 0.1 6.893212209e-04 5.633924086e-04 4.604689315e-04 3.763480545e-04 3.075948200e-04 2.514017867e-04 2.054743911e-04 1.679372527e-04 1.372575955e-04 1.121826588e-04
magtable AR-0027a 6.05 0.1 1.392143955e-03 1.137819803e-03 9.299569201e-04 7.600675175e-04 6.212144010e-04 5.077276994e-04 4.149733431e-04 3.391638385e-04 2.772036115e-04 2.265626033e-04
magtable AR-0027b 6.05 0.1 4.430554803e-04 3.621157838e-04 2.959625751e-04 2.418945812e-04 1.977040117e-04 1.615864070e-04 1.320669555e-04
magtable AR-0028a 6.05 0.1 1.077893686e-03 8.809784197e-04 7.200366661e-04 5.884965953e-04 4.809869539e-04 3.931177370e-04 3.213009291e-04 2.626039919e-04 2.146301188e-04 1.754203641e-04 1.433736529e-04 1.171814028e-04
magtable AR-0030a 6.05 0.1 4.289982752e-03 3.506266226e-03 2.865723141e-03 2.342197822e-03 1.914312852e-03 1.564596150e-03 1.278767528e-03 1.045155576e-03 8.542210792e-04 6.981674968e-04 5.706226005e-04 4.663782741e-04 3.811778474e-04 3.115422810e-04 2.546281048e-04
magtable AR-0037a 6.05 0.1 4.443149447e-04 3.631451626e-04 2.968039016e-04 2.425822098e-04
magtable AR-0038a 6.05 0.1 4.150910157e-04 3.392600141e-04 2.772822172e-04 2.266268489e-04 1.852254688e-04
magtable AR-0045b 6.05 0.1 4.419994520e-04 3.612526763e-04 2.952571446e-04 2.413180224e-04 1.972327817e-04 1.612012637e-04 1.317521723e-04 1.076829951e-04 8.801090138e-05
magtable AR-0050a 6.05 0.1 1.139171640e-03 9.310617964e-04 7.609705492e-04 6.219524622e-04 5.083309277e-04 4.154663704e-04 3.395667971e-04 2.775329554e-04 2.268317810e-04 1.853929628e-04 1.515244050e-04 1.238431328e-04
magtable AR-0051a 6.05 0.1 4.226543441e-04 3.454416340e-04 2.823345464e-04 2.307561922e-04 1.886004419e-04
magtable AR-0052b 6.05 0.1 2.272363692e-04 1.857236387e-04 1.517946713e-04 1.240640254e-04 1.013993592e-04 8.287519300e-05 6.773511852e-05 5.536091218e-05
magtable AR-0052g 6.05 0.1 4.450882003e-05 3.637771558e-05 2.973204390e-05 2.430043834e-05 1.986110694e-05 1.623277587e-05
magtable AR-0052j 6.05 0.1 4.450885349e-05 3.637774293e-05 2.973206625e-05 2.430045661e-05 1.986112187e-05 1.623278807e-05
magtable AR-0053a 6.05 0.1 1.146725243e-03 9.372354673e-04 7.660163815e-04 6.260764954e-04 5.117015609e-04 4.182212387e-04 3.418183916e-04 2.793732169e-04 2.283358538e-04 1.866222637e-04 1.525291308e-04 1.246643100e-04 1.018899807e-04 8.327618514e-05 6.806285532e-05 5.562877630e-05 4.546621998e-05 3.716021269e-05
magtable AR-0053k 6.05 0.1 5.856582493e-05 4.786671318e-05 3.912217122e-05 3.197512800e-05 2.613374409e-05 2.135949479e-05 1.745743037e-05 1.426821552e-05 1.166162315e-05 9.531216734e-06 7.790004122e-06 6.366885354e-06
magtable AR-0053l 6.05 0.1 4.711807013e-04 3.851029420e-04 3.147503188e-04 2.572500815e-04 2.102542887e-04 1.718439336e-04 1.404505835e-04 1.147923350e-04 9.382146979e-05 7.668167211e-05
magtable AR-0054a 6.05 0.1 4.419599485e-04 3.612203895e-04 2.952307561e-04 2.412964547e-04 1.972151541e-04 1.611868565e-04 1.317403970e-04 1.076733710e-04 8.800303545e-05
magtable AR-0056a 6.05 0.1 6.218328326e-03 4.939393762e-03 3.923499928e-03 3.116546771e-03 2.475561095e-03 1.966408075e-03 1.561973455e-03 1.240719617e-03 9.855386232e-04 7.828411548e-04 6.218328326e-04 4.939393762e-04 3.923499928e-04 3.116546771e-04 2.475561095e-04 1.966408075e-04 1.561973455e-04 1.240719617e-04
magtable AR-0060a 6.05 0.1 4.414086683e-04 3.607698201e-04 2.948624991e-04 2.409954728e-04 1.969691572e-04 1.609857995e-04 1.315760702e-04 1.075390643e-04 8.789326458e-05
magtable AR-0078a 6.05 0.1 5.161924639e-04 3.892669031e-04 2.935508216e-04 2.213701812e-04
magtable AR-0112a 6.05 0.1 3.393909198e-04 2.773892084e-04 2.267142944e-04
magtable AR-0138a 6.05 0.1 1.100636111e-03 8.855005395e-04 7.124163907e-04 5.731640931e-04 4.611307123e-04 3.709959091e-04 2.984792834e-04 2.401371025e-04 1.931987618e-04 1.554352126e-04 1.250531063e-04
magtable AR-0172a 6.05 0.1 4.203971339e-04 3.435967828e-04 2.808267223e-04 2.295238253e-04 1.875932103e-04
magtable AR-0233a 6.05 0.1 9.408012299e-05 8.034587836e-05 6.861662129e-05 5.859965456e-05 5.004501023e-05 4.273921182e-05 3.649994712e-05 3.117151869e-05 2.662095849e-05 2.273470979e-05 1.941579336e-05 1.658138746e-05
magtable AR-0233b 6.05 0.1 4.754345921e-05 4.060284861e-05 3.467545993e-05 2.961337844e-05 2.529028265e-05 2.159829207e-05 1.844527507e-05 1.575254985e-05 1.345292091e-05 1.148900228e-05 9.811785426e-06 8.379416324e-06 7.156150985e-06 6.111463488e-06
magtable AR-0233c 6.05 0.1 1.811840943e-04 1.547340154e-04 1.321452395e-04 1.128540759e-04 9.637912414e-05 8.230926086e-05 7.029338028e-05 6.003163263e-05 5.126794163e-05 4.378361413e-05
magtable AR-0233d 6.05 0.1 5.225762742e-05 4.462882108e-05 3.811370262e-05 3.254969081e-05 2.779793878e-05 2.373986913e-05 2.027421497e-05 1.731449278e-05 1.478684430e-05 1.262819346e-05 1.078467229e-05 9.210276736e-06 7.865718611e-06 6.717445202e-06 5.736801973e-06 4.899317506e-06
magtable AR-0233e 6.05 0.1 2.201313932e-04 1.879956103e-04 1.605511553e-04 1.371131668e-04 1.170967626e-04 1.000024441e-04 8.540363209e-05 7.293602111e-05 6.228848873e-05 5.319533159e-05
magtable AR-0236a 6.05 0.1 2.707486991e-04 2.218319369e-04 1.817530736e-04 1.489153465e-04 1.220104838e-04 9.996658164e-05 8.190539975e-05 6.710737126e-05 5.498293508e-05 4.504904742e-05 3.690993707e-05 3.024133766e-05
magtable AR-0236b 6.05 0.1 2.671231545e-04 2.188614274e-04 1.793192525e-04 1.469212493e-04 1.203766644e-04 9.862794804e-05 8.080862002e-05 6.620874913e-05 5.424666899e-05 4.444580414e-05 3.641568308e-05 2.983638162e-05
magtable AR-0236d 6.05 0.1 2.190776949e-04 1.794964465e-04 1.470664292e-04 1.204956144e-04 9.872540706e-05 8.088847090e-05 6.627417318e-05 5.430027273e-05 4.448972318e-05
magtable AR-0236f 6.05 0.1 4.704205626e-04 3.854286462e-04 3.157924061e-04 2.587374984e-04 2.119908262e-04 1.736899779e-04 1.423090281e-04 1.165977434e-04 9.553177296e-05 7.827183769e-05
magtable AR-0236g 6.05 0.1 1.075654848e-03 8.813139242e-04 7.220850016e-04 5.916243182e-04 4.847342530e-04 3.971562507e-04 3.254011585e-04 2.666102164e-04 2.184411630e-04
magtable AR-0236h 6.05 0.1 2.303930677e-04 1.887674460e-04 1.546624169e-04 1.267192183e-04
magtable AR-0236i 6.05 0.1 2.571427089e-04 2.106841709e-04 1.726193989e-04 1.414318729e-04 1.158790658e-04 9.494294041e-05 7.778939081e-05 6.373501070e-05 5.221986631e-05
magtable AR-0236j 6.05 0.1 2.561895104e-04 2.099031888e-04 1.719795186e-04 1.409076012e-04 1.154495154e-04 9.459099782e-05 7.750103446e-05 6.349875232e-05
magtable AR-0236m 6.05 0.1 2.559797092e-04 2.097312928e-04 1.718386794e-04 1.407922078e-04 1.153549703e-04 9.451353443e-05 7.743756655e-05
magtable AR-0236n 6.05 0.1 4.968193698e-04 4.070579229e-04
magtable AR-0268a 6.05 0.1 5.017519064e-05 4.100892392e-05 3.351719883e-05 2.739410134e-05 2.238960337e-05 1.829935332e-05 1.495633158e-05 1.222403056e-05 9.990880611e-06 8.165694194e-06
magtable AR-0350a 6.05 0.1 2.895504516e-04 2.183534543e-04 1.646629482e-04 1.241742962e-04 9.364132012e-05
magtable BO-001 6.05 0.1 6.425927899e-04 4.845868989e-04 3.654327691e-04 2.755772164e-04
magtable BO-002 6.05 0.1 7.212204662e-05 5.438809689e-05 4.101471355e-05 3.092968543e-05 2.332444525e-05 1.758924279e-05 1.326425810e-05 1.000273548e-05
magtable BO-005 6.05 0.1 7.212200785e-05 5.438806765e-05 4.101469150e-05 3.092966880e-05 2.332443271e-05 1.758923333e-05 1.326425097e-05 1.000273010e-05
magtable BO-007 6.05 0.1 6.227020339e-05 4.928793542e-05 3.901224736e-05 3.087886378e-05 2.444115100e-05 1.934559077e-05 1.531236734e-05 1.212000172e-05
magtable BO-008 6.05 0.1 6.923211773e-05 5.220876699e-05 3.937125484e-05 2.969033358e-05 2.238983522e-05 1.688444220e-05 1.273275955e-05
magtable BO-009 6.05 0.1 7.060572449e-05 5.680479363e-05 4.570145838e-05 3.676843387e-05 2.958150083e-05 2.379935993e-05 1.914742379e-05 1.540477723e-05 1.239368618e-05 9.971157304e-06 8.022147453e-06 6.454100341e-06
magtable BO-010 6.05 0.1 9.020174060e-03 7.257047919e-03 5.838550802e-03 4.697319881e-03 3.779159387e-03 3.040466911e-03 2.446162782e-03 1.968024165e-03 1.583344797e-03 1.273856689e-03 1.024862600e-03 8.245380795e-04 6.633699432e-04 5.337044976e-04 4.293840771e-04 3.454546223e-04
magtable CL-001a 6.05 0.1 3.778824013e-04 3.096095578e-04 2.536717189e-04 2.078402922e-04 1.702893301e-04 1.395227827e-04 1.143148951e-04 9.366137188e-05 7.673936608e-05 6.287469624e-05 5.151498676e-05
magtable CL-002b 6.05 0.1 4.994973196e-04 4.092520416e-04 3.353115763e-04 2.747300972e-04 2.250940071e-04 1.844257784e-04 1.511051679e-04 1.238046653e-04 1.014366044e-04
magtable CL-002c 6.05 0.1 5.122007686e-04 4.196603306e-04 3.438393768e-04 2.817171613e-04 2.308187030e-04 1.891161809e-04 1.549481451e-04 1.269533233e-04 1.040163875e-04 8.522351830e-05
magtable CL-003 6.05 0.1 4.994641237e-04 4.092248433e-04 3.352892920e-04 2.747118391e-04 2.250790477e-04 1.844135217e-04 1.510951256e-04 1.237964374e-04 1.014298631e-04
magtable CL-004b 6.05 0.1 5.948605294e-04 4.873857709e-04 3.993287130e-04 3.271811173e-04 2.680685861e-04 2.196360458e-04 1.799539189e-04 1.474412491e-04 1.208027148e-04 9.897702292e-05 8.109462677e-05 6.644308242e-05 5.443866476e-05 4.460311162e-05 3.654456946e-05
magtable CL-005 6.05 0.1 5.059042533e-04 4.145014206e-04 3.396125384e-04 2.782539951e-04 2.279812346e-04 1.867913641e-04 1.530433581e-04 1.253926784e-04 1.027377077e-04 8.417586040e-05
magtable CL-006a 6.05 0.1 2.653878394e-03 2.174396355e-03 1.781543389e-03 1.459668032e-03 1.195946602e-03 9.798723023e-04 8.028366210e-04 6.577863652e-04 5.389426577e-04
magtable CL-006aa 6.05 0.1 2.815749082e-03 2.307021510e-03 1.890206866e-03 1.548699040e-03 1.268892182e-03
magtable CL-006aaa 6.05 0.1 2.715670220e-03 2.225024116e-03 1.823024121e-03 1.493654349e-03 1.223792537e-03 1.002687251e-03 8.215295426e-04 6.731019955e-04 5.514911794e-04 4.518520566e-04
magtable CL-006b 6.05 0.1 2.982094971e-03 2.443313322e-03 2.001874537e-03 1.640191467e-03 1.343854472e-03 1.101057332e-03 9.021268856e-04 7.391376395e-04 6.055960186e-04 4.961816556e-04 4.065354259e-04 3.330857775e-04
magtable CL-006bbb 6.05 0.1 2.978336430e-03 2.440233845e-03 1.999351436e-03 1.638124220e-03 1.342160719e-03
magtable CL-006dd 6.05 0.1 2.682145181e-03 2.197556120e-03 1.800518828e-03 1.475215137e-03 1.208684777e-03 9.903090435e-04 8.113877333e-04 6.647925292e-04 5.446830026e-04
magtable CL-006ddd 6.05 0.1 3.109870201e-03 2.548003121e-03 2.087649800e-03 1.710469525e-03 1.401435238e-03 1.148234855e-03 9.407807418e-04 7.708078186e-04 6.315442768e-04 5.174417851e-04 4.239544411e-04 3.473576610e-04 2.845997893e-04
magtable CL-006e 6.05 0.1 2.676191577e-03 2.192678166e-03 1.796522185e-03 1.471940576e-03 1.206001838e-03 9.881108372e-04
magtable CL-006eee 6.05 0.1 2.653881754e-03 2.174399108e-03 1.781545644e-03 1.459669879e-03 1.195948116e-03 9.798735427e-04 8.028376373e-04 6.577871978e-04 5.389433399e-04
magtable CL-006f 6.05 0.1 2.632379360e-03 2.156781599e-03 1.767111130e-03 1.447843280e-03 1.186258254e-03 9.719343698e-04 7.963328522e-04 6.524576465e-04
magtable CL-006ff 6.05 0.1 4.970140044e-04 4.072173925e-04 3.336445317e-04 2.733642412e-04 2.239749233e-04 1.835088819e-04 1.503539291e-04 1.231891545e-04 1.009322993e-04 8.269663909e-05 6.775565565e-05 5.551409251e-05
magtable CL-006gb 6.05 0.1 3.134323710e-03 2.568038560e-03 2.104065393e-03 1.723919276e-03 1.412454994e-03 1.157263647e-03 9.481782821e-04 7.768688291e-04 6.365102312e-04 5.215105295e-04 4.272880766e-04
magtable CL-006gc 6.05 0.1 3.011901859e-03 2.467734934e-03 2.021883843e-03 1.656585648e-03 1.357286680e-03 1.112062714e-03 9.111439005e-04 7.465255306e-04 6.116491231e-04
magtable CL-006iii 6.05 0.1 3.000794267e-03 2.458634175e-03 2.014427338e-03 1.650476326e-03 1.352281142e-03 1.107961538e-03 9.077836930e-04 7.437724191e-04 6.093934224e-04 4.992929741e-04 4.090846157e-04 3.351743996e-04
magtable CL-006j 6.05 0.1 2.815751229e-03 2.307023269e-03 1.890208307e-03 1.548700220e-03 1.268893150e-03
magtable CL-006jj 6.05 0.1 2.667134410e-03 2.185257377e-03 1.790442127e-03 1.466959015e-03 1.201920307e-03 9.847667251e-04 8.068467577e-04 6.610719816e-04 5.416346545e-04
magtable CL-006k 6.05 0.1 2.978309145e-03 2.440211490e-03 1.999333119e-03 1.638109213e-03 1.342148423e-03
magtable CL-006kk 6.05 0.1 3.420268425e-03 2.802321016e-03 2.296019522e-03 1.881192631e-03 1.541313426e-03 1.262840944e-03 1.034680697e-03 8.477426623e-04 6.945791333e-04 5.690879955e-04 4.662696173e-04 3.820276613e-04 3.130058846e-04 2.564544238e-04 2.101202397e-04
magtable CL-006kkk 6.05 0.1 2.867394680e-03 2.349336185e-03 1.924876456e-03 1.577104798e-03 1.292165810e-03 1.058707375e-03 8.674283876e-04 7.107081954e-04 5.823029846e-04 4.770970252e-04 3.908988577e-04
magtable CL-006m 6.05 0.1 2.643009960e-03 2.165491545e-03 1.774247430e-03 1.453690250e-03 1.191048839e-03 9.758594290e-04 7.995487624e-04 6.550925311e-04
magtable CL-006mm 6.05 0.1 3.374555266e-03 2.764866953e-03 2.265332367e-03 1.856049792e-03 1.520713199e-03 1.245962605e-03 1.020851804e-03 8.364122663e-04 6.852958249e-04 5.614819228e-04 4.600377505e-04 3.769217195e-04 3.088224445e-04 2.530268151e-04
magtable CL-006mmm 6.05 0.1 2.682135216e-03 2.197547954e-03 1.800512138e-03 1.475209655e-03 1.208680286e-03 9.903053639e-04 8.113847184e-04 6.647900590e-04 5.446809788e-04
magtable CL-006n 6.05 0.1 2.715691106e-03 2.225041229e-03 1.823038142e-03 1.493665836e-03 1.223801949e-03 1.002694962e-03 8.215358609e-04 6.731071723e-04 5.514954209e-04 4.518555318e-04
magtable CL-006o 6.05 0.1 2.648828764e-03 2.170259052e-03 1.778153582e-03 1.456890668e-03 1.193671031e-03 9.780078639e-04 8.013090348e-04
magtable CL-006oo 6.05 0.1 3.405147281e-03 2.789931842e-03 2.285868728e-03 1.872875803e-03 1.534499218e-03 1.257257874e-03 1.030106332e-03 8.439947580e-04 6.915083711e-04 5.665720347e-04 4.642082206e-04 3.803387017e-04 3.116220730e-04 2.553206285e-04 2.091912897e-04
magtable CL-006p 6.05 0.1 2.632379534e-03 2.156781741e-03 1.767111246e-03 1.447843376e-03 1.186258333e-03 9.719344338e-04 7.963329047e-04 6.524576895e-04
magtable CL-006pp 6.05 0.1 5.088650633e-04 4.169272945e-04 3.416001243e-04 2.798824795e-04 2.293154971e-04 1.878845625e-04 1.539390459e-04 1.261265403e-04 1.033389812e-04 8.466850050e-05
magtable CL-006q 6.05 0.1 2.815743360e-03 2.307016822e-03 1.890203025e-03 1.548695892e-03 1.268889603e-03
magtable CL-006qq 6.05 0.1 5.896404200e-04 4.831087901e-04 3.958244638e-04 3.243099884e-04 2.657161904e-04 2.177086626e-04 1.783747603e-04 1.461474005e-04 1.197426286e-04 9.810846490e-05 8.038299304e-05 6.586002111e-05 5.396094643e-05
magtable CL-006r 6.05 0.1 3.019354821e-03 2.473841353e-03 2.026887002e-03 1.660684875e-03 1.360645291e-03 1.114814517e-03 9.133985294e-04 7.483728107e-04 6.131626511e-04 5.023812080e-04 4.116148916e-04 3.372475249e-04
magtable CL-006rr 6.05 0.1 5.439164263e-04 4.456458508e-04 3.651300360e-04 2.991611903e-04 2.451110809e-04 2.008263235e-04 1.645425905e-04 1.348143192e-04 1.104571200e-04 9.050058952e-05 7.414964921e-05 6.075286921e-05
magtable CL-006t 6.05 0.1 2.815764229e-03 2.307033920e-03 1.890217034e-03 1.548707371e-03 1.268899008e-03
magtable CL-006tt 6.05 0.1 5.439138482e-04 4.456437384e-04 3.651283053e-04 2.991597723e-04 2.451099191e-04 2.008253716e-04 1.645418106e-04 1.348136802e-04 1.104565965e-04 9.050016055e-05 7.414929775e-05 6.075258124e-05
magtable CL-006u 6.05 0.1 2.978322114e-03 2.440222115e-03 1.999341825e-03 1.638116346e-03 1.342154267e-03
magtable CL-006uu 6.05 0.1 5.374948989e-04 4.403845148e-04 3.608192771e-04 2.956292657e-04 2.422172769e-04 1.984553494e-04 1.625999855e-04 1.332226890e-04 1.091530531e-04 8.943213122e-05 7.327423162e-05
magtable CL-006vv 6.05 0.1 5.838369972e-04 4.783538844e-04 3.919286373e-04 3.211180295e-04 2.631009297e-04 2.155659068e-04 1.766191409e-04 1.447089727e-04 1.185640848e-04 9.714285113e-05 7.959183882e-05 6.521180647e-05 5.342984615e-05
magtable CL-006w 6.05 0.1 3.019337241e-03 2.473826950e-03 2.026875200e-03 1.660675206e-03 1.360637368e-03 1.114808026e-03 9.133932112e-04 7.483684534e-04 6.131590810e-04 5.023782829e-04 4.116124950e-04 3.372455614e-04
magtable CL-006ww 6.05 0.1 3.056045014e-03 2.503902649e-03 2.051517057e-03 1.680864964e-03 1.377179399e-03 1.128361371e-03 9.244978438e-04 7.574667876e-04 6.206135992e-04 5.084859769e-04 4.166166985e-04 3.413456444e-04 2.796739770e-04
magtable CL-006x 6.05 0.1 3.301644593e-03 2.705129211e-03 2.216387575e-03 1.815947963e-03
magtable CL-006xx 6.05 0.1 2.809284996e-03 2.301725305e-03 1.885867538e-03 1.545143707e-03 1.265979200e-03 1.037251957e-03 8.498493672e-04 6.963052152e-04 5.705022225e-04 4.674283327e-04 3.829770291e-04
magtable CL-006y 6.05 0.1 3.301601667e-03 2.705094042e-03 2.216358759e-03 1.815924353e-03
magtable CL-006yy 6.05 0.1 2.963246484e-03 2.427870232e-03 1.989221584e-03 1.629824551e-03 1.335360569e-03 1.094098042e-03 8.964249453e-04 7.344658813e-04 6.017683171e-04 4.930455134e-04 4.039658975e-04 3.309804914e-04
magtable CL-006z 6.05 0.1 3.162395068e-03 2.591038204e-03 2.122909640e-03 1.739358892e-03 1.425105100e-03 1.167628231e-03 9.566702740e-04 7.838265541e-04 6.422108888e-04 5.261812368e-04 4.311149169e-04 3.532244379e-04 2.894066028e-04
magtable CL-006zz 6.05 0.1 3.213485054e-03 2.632897650e-03 2.157206248e-03 1.767459057e-03 1.448128347e-03 1.186491817e-03 9.721257343e-04 7.964896424e-04 6.525861091e-04 5.346819433e-04 4.380797821e-04 3.589309455e-04 2.940821032e-04 2.409496436e-04
magtable CL-007 6.05 0.1 4.913140836e-04 4.025472889e-04 3.298181859e-04 2.702292098e-04 2.214063049e-04 1.814043414e-04 1.486296206e-04 1.217763805e-04
magtable CL-008 6.05 0.1 4.927103164e-04 4.036912612e-04 3.307554743e-04 2.709971562e-04 2.220355047e-04 1.819198623e-04 1.490520012e-04 1.221224487e-04
magtable CL-009 6.05 0.1 4.497386405e-04 3.684833724e-04 3.019086721e-04 2.473621691e-04 2.026707027e-04 1.660537416e-04 1.360524474e-04 1.114715528e-04 9.133174252e-05
magtable CL-010 6.05 0.1 4.688196151e-04 3.841169454e-04 3.147176931e-04 2.578569562e-04 2.112693735e-04 1.730988717e-04 1.418247183e-04 1.162009349e-04 9.520665675e-05 7.800546094e-05 6.391204296e-05
magtable CL-011 6.05 0.1 4.948836481e-04 4.054719323e-04 3.322144276e-04 2.721925172e-04 2.230148972e-04 1.827223059e-04 1.497094655e-04
magtable CL-012 6.05 0.1 5.461416675e-04 4.474690527e-04 3.666238360e-04 3.003851022e-04 2.461138660e-04
magtable CL-013 6.05 0.1 5.121795617e-04 4.196429552e-04 3.438251407e-04 2.817054972e-04 2.308091462e-04 1.891083508e-04 1.549417296e-04 1.269480670e-04 1.040120809e-04 8.521998974e-05
magtable CL-014 6.05 0.1 5.213697852e-04 4.271727608e-04 3.499945198e-04 2.867602411e-04 2.349506384e-04 1.925015905e-04 1.577219053e-04 1.292259422e-04 1.058784073e-04 8.674912290e-05 7.107596831e-05
magtable CL-015 6.05 0.1 4.811179388e-04 3.941933040e-04 3.229735338e-04 2.646211960e-04 2.168115033e-04 1.776396927e-04 1.455451392e-04 1.192491792e-04 9.770416804e-05 8.005174138e-05 6.558861742e-05
magtable CL-016 6.05 0.1 4.907213377e-04 4.020616357e-04 3.294202768e-04 2.699031917e-04 2.211391892e-04 1.811854861e-04 1.484503063e-04 1.216294634e-04 9.965440107e-05 8.164962153e-05 6.689780505e-05 5.481123166e-05
magtable CL-017 6.05 0.1 4.423114767e-04 3.623980906e-04 2.969228315e-04 2.432771313e-04 1.993237176e-04 1.633114637e-04 1.338056228e-04 1.096306670e-04 8.982345359e-05
magtable CL-018 6.05 0.1 4.963940602e-04 4.067094550e-04 3.332283643e-04 2.730232638e-04 2.236955510e-04
magtable CL-019 6.05 0.1 4.963925454e-04 4.067082138e-04 3.332273474e-04 2.730224306e-04 2.236948683e-04
magtable CL-020a 6.05 0.1 4.526129543e-04 3.708383776e-04 3.038381933e-04 2.489430795e-04 2.039659865e-04 1.671150037e-04 1.369219689e-04 1.121839760e-04 9.191545061e-05 7.530888424e-05
magtable CL-020b 6.05 0.1 4.445210494e-04 3.642084549e-04 2.984061133e-04 2.444924253e-04 2.003194418e-04 1.641272882e-04 1.344740505e-04 1.101783284e-04 9.027216780e-05
magtable CL-021a 6.05 0.1 5.502876228e-04 4.508659492e-04 3.694070078e-04 3.026654322e-04
magtable CL-021b 6.05 0.1 4.387299060e-04 3.594636101e-04 2.945185301e-04 2.413072203e-04 1.977097147e-04 1.619890663e-04 1.327221458e-04 1.087429442e-04
magtable CL-022 6.05 0.1 4.556117950e-04 3.732954112e-04 3.058513093e-04 2.505924814e-04 2.053173873e-04 1.682222439e-04 1.378291616e-04 1.129272642e-04 9.252444731e-05 7.580785217e-05
magtable CL-023a 6.05 0.1 4.470214333e-04 3.662570890e-04 3.000846162e-04 2.458676694e-04 2.014462175e-04 1.650504869e-04 1.352304529e-04 1.107980699e-04 9.077993922e-05
magtable CL-023c 6.05 0.1 4.692979424e-04 3.845088522e-04 3.150387933e-04 2.581200425e-04 2.114849274e-04
magtable CL-024 6.05 0.1 5.003538291e-04 4.099538037e-04 3.358865494e-04 2.752011887e-04 2.254799854e-04 1.847420212e-04 1.513642744e-04 1.240169584e-04 1.016105421e-04
magtable CL-025 6.05 0.1 4.423121293e-04 3.623986253e-04 2.969232696e-04 2.432774902e-04 1.993240117e-04 1.633117046e-04 1.338058202e-04 1.096308288e-04 8.982358611e-05
magtable CL-026 6.05 0.1 4.963930363e-04 4.067086160e-04 3.332276769e-04 2.730227006e-04 2.236950895e-04
magtable CL-027 6.05 0.1 4.963738935e-04 4.066929318e-04 3.332148264e-04 2.730121718e-04 2.236864630e-04
magtable CL-028 6.05 0.1 4.746645329e-04 3.889058490e-04 3.186413750e-04 2.610717378e-04 2.139033335e-04 1.752569484e-04 1.435928905e-04 1.176496476e-04 9.639362730e-05 7.897797892e-05 6.470885398e-05
magtable CL-029 6.05 0.1 5.082325367e-04 4.164090479e-04 3.411755105e-04 2.795345816e-04 2.290304547e-04 1.876510193e-04
magtable CL-030 6.05 0.1 9.084518940e-04 7.443198948e-04
magtable CL-031 6.05 0.1 4.387299110e-04 3.594636142e-04 2.945185334e-04 2.413072230e-04 1.977097170e-04 1.619890681e-04 1.327221473e-04 1.087429454e-04
magtable CL-032 6.05 0.1 5.032222983e-04 4.123040203e-04 3.378121472e-04 2.767788845e-04 2.267726355e-04 1.858011253e-04 1.522320278e-04 1.247279330e-04 1.021930633e-04 8.372961810e-05 6.860200408e-05 5.620752930e-05
magtable CL-033 6.05 0.1 4.544144274e-04 3.723143746e-04 3.050475187e-04 2.499339134e-04 2.047778043e-04 1.677801486e-04
magtable CL-034 6.05 0.1 4.875283297e-04 3.994455154e-04 3.272768167e-04 2.681469953e-04 2.197002886e-04 1.800065549e-04 1.474843752e-04 1.208380492e-04 9.900597338e-05 8.111834669e-05 6.646251681e-05 5.445458790e-05
magtable CL-035 6.05 0.1 4.811179022e-04 3.941932740e-04 3.229735093e-04 2.646211759e-04 2.168114868e-04 1.776396792e-04 1.455451281e-04 1.192491701e-04 9.770416061e-05 8.005173529e-05 6.558861243e-05
magtable CL-036 6.05 0.1 4.782059529e-04 3.968088715e-04 3.292666675e-04 2.732210546e-04 2.267151584e-04 1.881251908e-04 1.561037545e-04 1.295327971e-04 1.074845738e-04 8.918925450e-05
magtable CL-037a 6.05 0.1 4.347598893e-04 3.607579120e-04 2.993520659e-04 2.483983203e-04
magtable CL-038 6.05 0.1 4.095447633e-04 3.398347394e-04 2.819902986e-04 2.339917591e-04 1.941632163e-04 1.611140269e-04 1.336902538e-04 1.109343755e-04 9.205185356e-05
magtable CL-039 6.05 0.1 3.897737445e-04 3.234290137e-04 2.683770479e-04 2.226956667e-04 1.847898707e-04 1.533361507e-04
magtable CL-040 6.05 0.1 4.919818590e-04 4.082399332e-04 3.387520089e-04 2.810918634e-04 2.332462497e-04 1.935446026e-04
magtable CL-041 6.05 0.1 4.713610623e-04 3.911290733e-04 3.245536473e-04 2.693102538e-04 2.234700285e-04 1.854324256e-04 1.538693342e-04
magtable CL-042 6.05 0.1 4.347612817e-04 3.607590674e-04 2.993530247e-04 2.483991159e-04
magtable CL-043 6.05 0.1 4.176516190e-04 3.465616992e-04 2.875722394e-04 2.386235786e-04 1.980066379e-04 1.643032464e-04 1.363366253e-04 1.131302990e-04
magtable CL-044a 6.05 0.1 4.031676111e-04 3.345430642e-04 2.775993376e-04 2.303481988e-04 1.911398389e-04
magtable CL-044b 6.05 0.1 3.855063559e-04 3.198879920e-04 2.654387557e-04 2.202575114e-04 1.827667222e-04 1.516573692e-04
magtable CL-044c 6.05 0.1 4.094368728e-04 3.397452133e-04 2.819160110e-04 2.339301163e-04 1.941120660e-04 1.610715830e-04 1.336550344e-04 1.109051509e-04 9.202760340e-05
magtable CL-044d 6.05 0.1 5.288027096e-04 4.387933801e-04 3.641048484e-04
magtable CL-044e 6.05 0.1 3.907052874e-04 3.242019955e-04 2.690184579e-04 2.232279001e-04 1.852315108e-04 1.537026177e-04
magtable CL-044f 6.05 0.1 4.034440036e-04 3.347724109e-04 2.777896465e-04 2.305061145e-04 1.912708753e-04
magtable CL-045 6.05 0.1 5.072441955e-04 4.209044149e-04 3.492608255e-04 2.898119381e-04 2.404820505e-04 1.995487729e-04 1.655828893e-04 1.373984557e-04 1.140113916e-04 9.460512019e-05 7.850205702e-05 6.513995166e-05
magtable CL-046 6.05 0.1 6.806846230e-04 5.648229502e-04 4.686824915e-04 3.889064313e-04 3.227093289e-04 2.677798631e-04 2.222001308e-04 1.843786817e-04 1.529949516e-04 1.269531542e-04 1.053440208e-04 8.741305241e-05 7.253417585e-05 6.018788409e-05 4.994309715e-05 4.144211067e-05 3.438810635e-05 2.853478839e-05
magtable CL-047 6.05 0.1 7.752228783e-04 6.432695236e-04 5.337764036e-04
magtable CL-049 6.05 0.1 4.720937578e-04 3.917370541e-04 3.250581417e-04 2.697288764e-04 2.238173959e-04 1.857206665e-04 1.541085125e-04 1.278771721e-04 1.061107584e-04
magtable CL-050 6.05 0.1 4.688398366e-04 3.890369941e-04 3.228176681e-04 2.678697616e-04 2.222747274e-04 1.844405809e-04 1.530463147e-04 1.269957746e-04
magtable CL-051 6.05 0.1 4.740016783e-04 3.933202210e-04 3.263718322e-04 2.708189592e-04 2.247219319e-04 1.864712383e-04 1.547313269e-04 1.283939751e-04 1.065395946e-04 8.840512350e-05
magtable CL-052 6.05 0.1 5.344828228e-04 4.435066617e-04 3.680158661e-04 3.053746187e-04 2.533957536e-04 2.102643901e-04 1.744745645e-04 1.447766483e-04 1.201337166e-04 9.968534316e-05 8.271755775e-05 6.863791750e-05 5.695482129e-05
magtable CL-053 6.05 0.1 3.921910096e-04 3.254348278e-04 2.700414455e-04 2.240767615e-04 1.859358846e-04 1.542870976e-04 1.280253596e-04 1.062337224e-04
magtable CL-054 6.05 0.1 4.347756902e-04 3.607710233e-04 2.993629456e-04 2.484073481e-04 2.061250783e-04 1.710398191e-04 1.419265428e-04 1.177687374e-04 9.772291517e-05 8.108916138e-05 6.728669609e-05
magtable CL-055 6.05 0.1 3.860407734e-04 3.203314445e-04 2.658067266e-04 2.205628487e-04 1.830200870e-04 1.518676079e-04 1.260176996e-04
magtable CL-056b 6.05 0.1 5.741927010e-03 4.560974746e-03 3.622911018e-03 2.877780514e-03 2.285902315e-03 1.815756751e-03 1.442306855e-03 1.145665058e-03 9.100341029e-04 7.228657825e-04 5.741927010e-04 4.560974746e-04 3.622911018e-04 2.877780514e-04 2.285902315e-04 1.815756751e-04 1.442306855e-04 1.145665058e-04
magtable CL-056c 6.05 0.1 3.973037279e-03 3.155895689e-03 2.506817051e-03 1.991235563e-03 1.581694630e-03 1.256384703e-03 9.979818434e-04 7.927251559e-04 6.296839737e-04 5.001757593e-04 3.973037279e-04 3.155895689e-04 2.506817051e-04
magtable CL-056d 6.05 0.1 3.281091802e-03 2.606263859e-03 2.070228971e-03 1.644441324e-03 1.306226174e-03 1.037572331e-03 8.241729979e-04 6.546638825e-04 5.200180061e-04 4.130649848e-04
magtable CL-056e 6.05 0.1 3.171060533e-03 2.518862916e-03 2.000803933e-03 1.589295056e-03 1.262421937e-03 1.002777388e-03 7.965343927e-04 6.327097581e-04 5.025792252e-04 3.992128688e-04
magtable CL-056g 6.05 0.1 2.999714448e-03 2.382757882e-03 1.892691862e-03 1.503418586e-03 1.194207831e-03 9.485929987e-04 7.534942021e-04 5.985217194e-04
magtable CL-056h 6.05 0.1 3.134802556e-03 2.490062181e-03 1.977926696e-03 1.571123021e-03 1.247987376e-03 9.913116093e-04 7.874268006e-04 6.254753405e-04 4.968327231e-04
magtable CL-056i 6.05 0.1 2.970958434e-03 2.359916169e-03 1.874548044e-03 1.489006439e-03 1.182759856e-03 9.394995486e-04 7.462710180e-04 5.927841403e-04
magtable CO-01 6.05 0.1 4.278407689e-03 3.511255405e-03 2.881659583e-03 2.364955264e-03 1.940900110e-03 1.592881393e-03 1.307265181e-03 1.072862211e-03 8.804895443e-04 7.226108160e-04 5.930409904e-04 4.867040577e-04 3.994341768e-04 3.278124747e-04 2.690331093e-04 2.207933483e-04
magtable CO-02a 6.05 0.1 9.488683059e-03 7.407512215e-03 5.782808518e-03 4.514454163e-03 3.524290373e-03 2.751301084e-03 2.147853001e-03 1.676760331e-03 1.308993308e-03 1.021889325e-03 7.977564017e-04 6.227829777e-04 4.861868066e-04 3.795505326e-04 2.963029947e-04 2.313142971e-04
magtable CO-02b 6.05 0.1 1.244090368e-02 9.712216693e-03 7.582017793e-03 5.919039457e-03 4.620805311e-03 3.607315322e-03 2.816116014e-03 2.198451950e-03 1.716261316e-03 1.339830468e-03 1.045962911e-03 8.165498830e-04 6.374544491e-04 4.976403563e-04 3.884919536e-04 3.032832769e-04 2.367635808e-04 1.848337758e-04
magtable CO-02c 6.05 0.1 6.885659785e-03 5.375414971e-03 4.196415015e-03 3.276007354e-03 2.557474450e-03 1.996538731e-03 1.558634106e-03 1.216775933e-03 9.498981605e-04 7.415551962e-04 5.789084891e-04 4.519353927e-04 3.528115463e-04 2.754287210e-04 2.150184174e-04 1.678580203e-04 1.310414025e-04 1.022998433e-04
magtable CO-06 6.05 0.1 7.488008290e-04 5.947629349e-04 4.724126030e-04 3.752312970e-04 2.980414268e-04 2.367304988e-04 1.880320117e-04 1.493514254e-04 1.186279297e-04 9.422464949e-05 7.484143567e-05 5.944559649e-05 4.721687807e-05
magtable CO-07 6.05 0.1 6.366415691e-04 5.056762673e-04 4.016522007e-04 3.190272132e-04 2.533992409e-04 2.012717807e-04 1.598676048e-04 1.269807967e-04 1.008592250e-04 8.011119430e-05 6.363129846e-05 5.054152768e-05 4.014448993e-05
magtable CO-08 6.05 0.1 6.089383666e-04 4.976262388e-04 4.066616380e-04 3.323250964e-04 2.715770542e-04 2.219335740e-04 1.813647748e-04 1.482118318e-04 1.211191484e-04 9.897892723e-05 8.088587283e-05 6.610017513e-05 5.401725912e-05 4.414306433e-05 3.607384307e-05
magtable CO-10a 6.05 0.1 3.394882503e-03 2.821397914e-03 2.344789896e-03 1.948693458e-03 1.619508084e-03 1.345930743e-03 1.118567782e-03 9.296123811e-04 7.725764974e-04 6.420680883e-04 5.336059683e-04 4.434659417e-04 3.685529269e-04 3.062946828e-04
magtable CO-10b 6.05 0.1 2.439063750e-03 2.027041988e-03 1.684621495e-03 1.400044793e-03 1.163540551e-03 9.669880717e-04 8.036384548e-04 6.678828673e-04 5.550599549e-04
magtable CO-10c 6.05 0.1 2.520172535e-03 2.094449375e-03 1.740642008e-03 1.446601974e-03 1.202233005e-03 9.991443563e-04 8.303627005e-04 6.900926879e-04 5.735179549e-04 4.766357482e-04
magtable CO-11 6.05 0.1 6.210397704e-04 5.075155419e-04 4.147432058e-04 3.389293776e-04 2.769740924e-04 2.263440496e-04 1.849690285e-04 1.511572386e-04 1.235261436e-04 1.009459308e-04 8.249331402e-05 6.741378083e-05 5.509074160e-05 4.502031739e-05 3.679073687e-05 3.006549927e-05
magtable CO-12 6.05 0.1 5.534761221e-04 4.396190149e-04 3.491837688e-04 2.773522079e-04 2.202973164e-04 1.749793448e-04 1.389838588e-04 1.103931040e-04 8.768383257e-05 6.964614833e-05 5.531904611e-05
magtable CO-14 6.05 0.1 6.049262709e-04 4.832957176e-04 3.861210232e-04 3.084849278e-04 2.464588690e-04 1.969041876e-04 1.573133045e-04 1.256828312e-04 1.004121941e-04 8.022264153e-05 6.409253652e-05 5.120565914e-05 4.090990418e-05
magtable CO-15a 6.05 0.1 5.612602675e-04 4.484094952e-04 3.582492598e-04 2.862172490e-04 2.286684798e-04 1.826908540e-04 1.459577995e-04 1.166105406e-04 9.316403934e-05
magtable CO-15b 6.05 0.1 5.729042934e-04 4.577122947e-04 3.656815757e-04 2.921551734e-04 2.334124851e-04 1.864809976e-04 1.489858713e-04 1.190297679e-04 9.509684047e-05 7.597602876e-05
magtable CO-15c 6.05 0.1 5.981270434e-04 4.778635887e-04 3.817811147e-04 3.050176305e-04 2.436887299e-04 1.946910314e-04 1.555451404e-04 1.242701861e-04 9.928358486e-05 7.932095811e-05 6.337215164e-05 5.063011970e-05
magtable CO-15d 6.05 0.1 6.070353465e-04 4.849807283e-04 3.874672342e-04 3.095604606e-04 2.473181479e-04 1.975906941e-04 1.578617774e-04 1.261210244e-04 1.007622812e-04 8.050233779e-05 6.431599516e-05 5.138418768e-05
magtable CO-15e 6.05 0.1 5.914466916e-04 5.026075168e-04 4.271125691e-04
magtable CO-15f 6.05 0.1 3.410787962e-03 2.724991945e-03 2.177086698e-03 1.739346973e-03 1.389622147e-03 1.110215352e-03 8.869879705e-04 7.086441908e-04 5.661594135e-04 4.523235858e-04 3.613763570e-04 2.887155909e-04
magtable CO-17 6.05 0.1 8.670016200e-04 6.926764306e-04 5.534022388e-04 4.421314547e-04 3.532335244e-04 2.822100112e-04 2.254669642e-04 1.801330567e-04 1.439142902e-04 1.149779130e-04 9.185967888e-05 7.338975270e-05 5.863351437e-05 4.684426478e-05 3.742544117e-05
magtable CO-22a 6.05 0.1 4.393771834e-04 3.733798468e-04 3.172957433e-04 2.696358402e-04 2.291347673e-04 1.947172215e-04 1.654694168e-04 1.406148244e-04 1.194935549e-04 1.015448387e-04 8.629213752e-05 7.333049212e-05 6.231577093e-05 5.295553315e-05 4.500126452e-05 3.824177924e-05 3.249761301e-05
magtable CO-22b 6.05 0.1 4.108744610e-04 3.491584204e-04 2.967125341e-04 2.521443641e-04 2.142706258e-04 1.820857715e-04 1.547352936e-04 1.314930369e-04 1.117419198e-04 9.495755006e-05 8.069430283e-05 6.857348894e-05
magtable CO-23 6.05 0.1 5.975284540e-04 4.915729008e-04 4.044057068e-04 3.326952634e-04 2.737007328e-04 2.251672908e-04 1.852399456e-04 1.523926380e-04 1.253699144e-04 1.031389419e-04 8.485003266e-05 6.980416816e-05 5.742628188e-05 4.724327984e-05 3.886595853e-05 3.197412918e-05
magtable CO-26 6.05 0.1 3.390443879e-03 2.646811395e-03 2.066281234e-03 1.613079854e-03 1.259279991e-03 9.830797236e-04 7.674589841e-04 5.991307502e-04 4.677222669e-04
magtable CO-28a 6.05 0.1 5.884771117e-04 4.830763033e-04 3.965535960e-04 3.255277757e-04 2.672232299e-04 2.193614798e-04 1.800721399e-04 1.478198250e-04 1.213441495e-04 9.961047253e-05 8.176946543e-05 6.712392088e-05
magtable CO-28c 6.05 0.1 6.729984055e-04 5.496992706e-04 4.489896048e-04 3.667308218e-04 2.995425600e-04 2.446637695e-04 1.998392486e-04 1.632269680e-04 1.333223742e-04 1.088965609e-04 8.894576812e-05 7.265013329e-05 5.933999985e-05 4.846839810e-05
magtable CO-29a 6.05 0.1 6.424772171e-03 5.274045716e-03 4.329423282e-03 3.553990041e-03 2.917442900e-03 2.394906281e-03 1.965960018e-03 1.613841353e-03 1.324789868e-03 1.087509742e-03 8.927283245e-04 7.328337676e-04 6.015775641e-04 4.938303632e-04 4.053815205e-04 3.327745506e-04 2.731720513e-04 2.242448212e-04 1.840808370e-04 1.511105334e-04
magtable CO-29d 6.05 0.1 6.068808396e-03 4.981837810e-03 4.089552075e-03 3.357081625e-03 2.755802306e-03 2.262216770e-03 1.857036226e-03 1.524426655e-03 1.251390035e-03 1.027256388e-03 8.432668127e-04 6.922311955e-04 5.682472272e-04 4.664697478e-04 3.829214032e-04 3.143372142e-04 2.580369847e-04 2.118205623e-04 1.738818590e-04 1.427382714e-04
magtable CO-29h 6.05 0.1 4.960571537e-03 4.000319301e-03 3.225949750e-03 2.601480284e-03 2.097893703e-03 1.691789869e-03 1.364298371e-03 1.100201673e-03 8.872280050e-04 7.154811267e-04 5.769804829e-04 4.652903692e-04 3.752208855e-04 3.025867764e-04 2.440129555e-04 1.967776754e-04 1.586860560e-04 1.279680956e-04
magtable CO-29i 6.05 0.1 3.322114582e-03 2.679029822e-03 2.160431440e-03 1.742221742e-03 1.404967797e-03 1.132998436e-03 9.136760711e-04 7.368094573e-04 5.941801406e-04 4.791605699e-04 3.864061352e-04 3.116068197e-04
magtable CO-29j 6.05 0.1 7.302478846e-04 5.888887370e-04 4.748934600e-04 3.829650394e-04 3.088318407e-04 2.490491194e-04 2.008389541e-04 1.619611649e-04 1.306092189e-04 1.053262866e-04 8.493754680e-05 6.849559679e-05
magtable CO-29k 6.05 0.1 6.937728850e-04 5.594744561e-04 4.511731054e-04 3.638363983e-04 2.934060634e-04 2.366094168e-04 1.908072910e-04 1.538714003e-04 1.240854462e-04 1.000653658e-04 8.069501895e-05 6.507432448e-05 5.247743618e-05 4.231901490e-05
magtable CO-29l 6.05 0.1 5.580230538e-03 4.500026612e-03 3.628925251e-03 2.926449022e-03 2.359955989e-03 1.903122941e-03 1.534722234e-03 1.237635407e-03
magtable CO-29m 6.05 0.1 6.675518797e-03 5.383292326e-03 4.341211095e-03 3.500852756e-03 2.823168408e-03 2.276668119e-03 1.835957682e-03 1.480558620e-03 1.193956620e-03 9.628341563e-04 7.764516710e-04
magtable CO-33 6.05 0.1 2.241747639e-03 1.906274627e-03 1.621004474e-03 1.378424424e-03 1.172145990e-03 9.967367067e-04 8.475770691e-04 7.207388703e-04 6.128817522e-04 5.211652342e-04
magtable CO-35 6.05 0.1 4.385623975e-03 3.503820859e-03 2.799319021e-03 2.236469071e-03 1.786789526e-03 1.427525581e-03 1.140497666e-03 9.111815180e-04 7.279732205e-04 5.816020182e-04 4.646611964e-04 3.712332844e-04 2.965906181e-04 2.369561094e-04 1.893121169e-04
magtable CO-39 6.05 0.1 6.918842074e-04 5.527693053e-04 4.416257831e-04 3.528295265e-04 2.818872438e-04 2.252090946e-04 1.799270361e-04 1.437496935e-04 1.148464113e-04 9.175461775e-05 7.330581587e-05 5.856645444e-05 4.679068837e-05 3.738263719e-05
magtable CO-40 6.05 0.1 5.396246752e-04 4.238291869e-04 3.328817008e-04 2.614502025e-04 2.053468491e-04 1.612824470e-04 1.266736150e-04 9.949132746e-05 7.814195748e-05
magtable CO-51a 6.05 0.1 5.351423046e-03 4.275429859e-03 3.415783115e-03 2.728982739e-03 2.180275076e-03 1.741894274e-03 1.391657271e-03 1.111841280e-03 8.882869784e-04 7.096820114e-04 5.669885629e-04 4.529860209e-04 3.619055984e-04 2.891384195e-04 2.310023000e-04
magtable CO-51b 6.05 0.1 3.266280262e-03 2.609539937e-03 2.084848249e-03 1.665654608e-03 1.330746866e-03 1.063177932e-03 8.494082109e-04 6.786204709e-04 5.421724651e-04 4.331596150e-04 3.460656233e-04
magtable EC-01a 6.05 0.1 6.299954399e-04 4.948077198e-04 3.886292884e-04 3.052351809e-04 2.397362175e-04 1.882923647e-04 1.478876032e-04 1.161531070e-04 9.122836509e-05 7.165210484e-05
magtable EC-01b 6.05 0.1 8.041039940e-04 6.315551487e-04 4.960327381e-04
magtable EC-01c 6.05 0.1 6.569023972e-04 5.159408413e-04 4.052275541e-04 3.182717038e-04
magtable EC-02 6.05 0.1 5.022297770e-04 3.944586818e-04 3.098136725e-04 2.433322324e-04 1.911167279e-04 1.501058997e-04
magtable EC-06 6.05 0.1 5.047746537e-04 3.964574655e-04 3.113835467e-04 2.445652348e-04 1.920851462e-04 1.508665098e-04
magtable EC-08b 6.05 0.1 6.385414586e-04 5.015198890e-04 3.939011252e-04 3.093757593e-04 2.429882890e-04 1.908465896e-04 1.498937292e-04 1.177287479e-04 9.246589676e-05 7.262408048e-05 5.704002503e-05 4.480007780e-05
magtable EC-09 6.05 0.1 5.407241080e-04 4.215427084e-04 3.286301690e-04 2.561965509e-04 1.997280801e-04
magtable EC-10a 6.05 0.1 1.541971251e-03 1.202104230e-03 9.371475494e-04 7.305901665e-04 5.695602488e-04 4.440230541e-04
magtable EC-172 6.05 0.1 1.577046454e-03 1.280296878e-03 1.039386057e-03 8.438069282e-04 6.850295203e-04 5.561289295e-04 4.514832968e-04 3.665286168e-04 2.975596835e-04 2.415684921e-04 1.961130476e-04 1.592108602e-04
magtable EC-17e 6.05 0.1 1.282836136e-03 1.007558441e-03
magtable EC-199 6.05 0.1 2.761988743e-03 2.242271022e-03 1.820347512e-03 1.477816479e-03 1.199738802e-03 9.739864283e-04 7.907134126e-04 6.419265019e-04 5.211365171e-04
magtable EC-200 6.05 0.1 5.567516786e-04 4.519888645e-04 3.669390528e-04 2.978928887e-04
magtable EC-201 6.05 0.1 4.124855246e-04 3.348689748e-04 2.718573711e-04 2.207025307e-04 1.791733911e-04 1.454587039e-04 1.180880399e-04
magtable EC-202a 6.05 0.1 4.593271370e-04 3.728964978e-04 3.027293335e-04 2.457653797e-04 1.995202155e-04 1.619769084e-04
magtable EC-203a 6.05 0.1 4.806947033e-04 3.902433732e-04 3.168120832e-04 2.571982075e-04 2.088017517e-04 1.695119571e-04 1.376152420e-04 1.117204660e-04 9.069825652e-05 7.363175281e-05
magtable EC-205 6.05 0.1 4.535998382e-03 3.682468930e-03 2.989546352e-03 2.427009586e-03 1.970324202e-03 1.599572364e-03 1.298584134e-03
magtable EC-208 6.05 0.1 1.409748750e-02 1.144479237e-02
magtable EC-209a 6.05 0.1 5.884832338e-03 4.745664528e-03 3.827013332e-03 3.086191820e-03 2.488776265e-03 2.007006583e-03 1.618496399e-03 1.305192826e-03 1.052537599e-03 8.487905960e-04
magtable EC-209b 6.05 0.1 5.580262874e-03 4.500052688e-03 3.628946279e-03 2.926465980e-03 2.359969664e-03 1.903133969e-03 1.534731127e-03 1.237642579e-03
magtable EC-209c 6.05 0.1 8.278619285e-03 6.676069534e-03 5.383736453e-03
magtable EC-209d 6.05 0.1 5.643418874e-03 4.550983143e-03 3.670017773e-03 2.959586980e-03 2.386679202e-03 1.924673156e-03 1.552100825e-03 1.251649904e-03
magtable EC-210a 6.05 0.1 1.484693167e-03 1.197290814e-03 9.655229273e-04 7.786199580e-04 6.278970927e-04 5.063506977e-04 4.083328814e-04 3.292890536e-04 2.655462877e-04 2.141426511e-04
magtable EC-210b 6.05 0.1 1.418798666e-03 1.144151969e-03 9.226705369e-04 7.440628020e-04 6.000294050e-04 4.838775516e-04
magtable EC-222 6.05 0.1 5.142804245e-04 4.036271963e-04 3.167822569e-04 2.486229849e-04 1.951289482e-04
magtable EC-225ab 6.05 0.1 5.032435917e-04 3.949650624e-04 3.099838788e-04 2.432873543e-04 1.909413387e-04 1.498581582e-04
magtable EC-22c 6.05 0.1 5.789867741e-04 4.556268986e-04 3.585502813e-04 2.821569680e-04
magtable EC-25a 6.05 0.1 1.450225448e-03 1.158633344e-03 9.256707149e-04 7.395491219e-04 5.908503908e-04 4.720500288e-04 3.771364684e-04 3.013068681e-04
magtable EC-25b 6.05 0.1 1.452115467e-03 1.160143344e-03 9.268771036e-04 7.405129459e-04 5.916204219e-04 4.726652323e-04
magtable EC-25c 6.05 0.1 3.366849009e-03 2.689887654e-03 2.149040712e-03 1.716940102e-03 1.371720553e-03 1.095913173e-03 8.755614838e-04 6.995151905e-04
magtable EC-25i 6.05 0.1 1.624581127e-03 1.297931896e-03 1.036960961e-03 8.284626009e-04 6.618863265e-04 5.288030005e-04 4.224783050e-04 3.375319695e-04 2.696655167e-04 2.154447504e-04
magtable EC-26b 6.05 0.1 1.545533672e-03 1.246354000e-03 1.005088613e-03 8.105266391e-04 6.536273762e-04 5.271001918e-04 4.250657520e-04 3.427828264e-04 2.764279774e-04 2.229178966e-04 1.797661334e-04
magtable EC-26c 6.05 0.1 7.135501082e-04 5.754232650e-04 4.640345928e-04
magtable EC-26e 6.05 0.1 1.251169766e-03 1.008972157e-03 8.136584187e-04 6.561529155e-04 5.291368450e-04 4.267081561e-04
magtable EC-27b 6.05 0.1 1.806466268e-03 1.417784695e-03 1.112732343e-03 8.733154408e-04
magtable EC-30b 6.05 0.1 1.522870803e-03 1.195207990e-03 9.380455232e-04 7.362144590e-04 5.778096225e-04 4.534873715e-04 3.559144536e-04
magtable EC-31a 6.05 0.1 1.636426310e-03 1.284330750e-03 1.007992518e-03 7.911115694e-04 6.208950010e-04 4.873024453e-04 3.824538333e-04 3.001645816e-04 2.355807896e-04
magtable EC-31c 6.05 0.1 5.346221678e-04 4.195921843e-04 3.293121979e-04 2.584569678e-04 2.028470389e-04
magtable EC-31d 6.05 0.1 5.142878693e-04 4.036330392e-04 3.167868427e-04 2.486265840e-04 1.951317729e-04
magtable EC-31e 6.05 0.1 7.032054144e-04 5.519028458e-04 4.331547297e-04
magtable EC-320 6.05 0.1 1.434521777e-03 1.146807802e-03 9.167990023e-04 7.329217760e-04 5.859237721e-04 4.684083322e-04
magtable EC-321 6.05 0.1 2.226976907e-03 1.807931259e-03 1.467736566e-03 1.191555606e-03
magtable EC-322 6.05 0.1 2.766300698e-03 2.095414832e-03 1.587232842e-03 1.202295629e-03 9.107137540e-04
magtable EC-348 6.05 0.1 1.603841941e-03 1.258757276e-03 9.879214642e-04 7.753590293e-04 6.085317974e-04
magtable EC-34a 6.05 0.1 1.042212856e-03 8.179690161e-04 6.419737655e-04 5.038458761e-04 3.954377585e-04 3.103548690e-04 2.435785219e-04 1.911698582e-04
magtable EC-34af 6.05 0.1 1.024631945e-03 8.041708369e-04 6.311444200e-04 4.953465863e-04
magtable EC-34ag 6.05 0.1 1.082075567e-03 8.492548160e-04 6.665280729e-04 5.231170476e-04 4.105625204e-04 3.222253679e-04 2.528949492e-04 1.984817512e-04 1.557761660e-04
magtable EC-34ai 6.05 0.1 1.039553516e-03 8.158818635e-04 6.403356872e-04 5.025602488e-04 3.944287485e-04 3.095629588e-04 2.429570001e-04 1.906820639e-04
magtable EC-34aj 6.05 0.1 1.061103411e-03 8.327950555e-04 6.536098154e-04 5.129782987e-04 4.026052376e-04 3.159801841e-04 2.479934871e-04 1.946348939e-04 1.527570034e-04
magtable EC-34r 6.05 0.1 1.476731651e-03 1.158996197e-03 9.096251053e-04
magtable EC-34s 6.05 0.1 1.476732081e-03 1.158996534e-03 9.096253700e-04
magtable EC-34t 6.05 0.1 1.042073341e-03 8.178595198e-04 6.418878285e-04
magtable EC-34u 6.05 0.1 9.336904795e-04 7.327964520e-04 5.751270382e-04 4.513819755e-04 3.542620573e-04
magtable EC-34y 6.05 0.1 2.693990041e-03 2.114347728e-03
magtable EC-34z 6.05 0.1 1.476732144e-03 1.158996583e-03 9.096254088e-04
magtable EC-422a 6.05 0.1 1.219918723e-03 9.574394636e-04 7.514355746e-04 5.897557436e-04
magtable EC-422b 6.05 0.1 1.088088711e-03 8.539741645e-04 6.702320005e-04 5.260240334e-04 4.128440354e-04 3.240159893e-04 2.543002982e-04 1.995847236e-04
magtable EC-57 6.05 0.1 1.666576368e-03 1.352980133e-03 1.098392654e-03 8.917103756e-04 7.239190749e-04
magtable EC-60a 6.05 0.1 4.578777710e-04 3.717198560e-04 3.017740980e-04 2.449898889e-04 1.988906472e-04 1.614658047e-04
magtable EC-61 6.05 0.1 1.513246306e-03 1.228501873e-03 9.973372111e-04 8.096703267e-04 6.573163327e-04
magtable EC-67b 6.05 0.1 3.205155367e-03 2.602047897e-03 2.112425916e-03 1.714935092e-03 1.392239295e-03 1.130264501e-03
magtable EC-67c 6.05 0.1 2.926951201e-03 2.376192835e-03 1.929069534e-03 1.566080502e-03 1.271394367e-03 1.032158713e-03 8.379395386e-04
magtable EC-67d 6.05 0.1 3.897380896e-03 3.164018778e-03 2.568651895e-03 2.085313970e-03
magtable EC-67e 6.05 0.1 8.971090335e-03 7.283018785e-03
magtable EC-67f 6.05 0.1 3.268102480e-03 2.653150382e-03 2.153912551e-03 1.748615273e-03 1.419581946e-03 1.152462142e-03 9.356057193e-04 7.595547224e-04 6.166308781e-04
magtable EC-67i 6.05 0.1 3.176733199e-03 2.578973870e-03 2.093693681e-03 1.699727662e-03 1.379893417e-03 1.120241721e-03 9.094481487e-04 7.383191678e-04
magtable EC-67j 6.05 0.1 2.987844697e-03 2.425628128e-03 1.969202690e-03 1.598661885e-03 1.297844978e-03
magtable EC-67k 6.05 0.1 3.410787367e-03 2.768986549e-03 2.247952066e-03 1.824959566e-03 1.481560691e-03
magtable EC-67l 6.05 0.1 3.205149803e-03 2.602043380e-03 2.112422249e-03 1.714932115e-03 1.392236878e-03 1.130262539e-03
magtable EC-67m 6.05 0.1 3.203903428e-03 2.601031534e-03 2.111600799e-03 1.714265235e-03 1.391695485e-03 1.129823018e-03
magtable EC-67n 6.05 0.1 8.973191791e-03 7.284724814e-03
magtable EC-67p 6.05 0.1 3.897253587e-03 3.163915424e-03 2.568567990e-03 2.085245853e-03
magtable EC-68a 6.05 0.1 2.334327513e-03 1.895081923e-03 1.538488269e-03 1.248994108e-03 1.013973464e-03 8.231761707e-04 6.682808098e-04 5.425317893e-04 4.404447024e-04
magtable EC-68b 6.05 0.1 5.063679099e-03 4.110857055e-03 3.337325568e-03 2.709347905e-03 2.199535502e-03 1.785653447e-03 1.449650724e-03 1.176872940e-03 9.554231878e-04
magtable EC-68c 6.05 0.1 3.432864574e-03 2.786909533e-03 2.262502519e-03
magtable EC-68d 6.05 0.1 2.344117472e-03 1.903029726e-03 1.544940550e-03 1.254232276e-03
magtable EC-68f 6.05 0.1 2.266790543e-03 1.840253246e-03 1.493976591e-03 1.212858100e-03 9.846370946e-04 7.993599650e-04 6.489460504e-04
magtable EC-68h 6.05 0.1 5.175169903e-03 4.201368865e-03 3.410805958e-03 2.769001641e-03 2.247964318e-03 1.824969513e-03 1.481568767e-03 1.202785030e-03 9.764594537e-04
magtable EC-86bc 6.05 0.1 1.896845061e-03 1.539919641e-03 1.250156141e-03 1.014916841e-03 8.239420337e-04 6.689025620e-04 5.430365476e-04 4.408544814e-04 3.578998036e-04 2.905545364e-04
magtable EC-93 6.05 0.1 8.213712661e-04 6.185916692e-04 4.658741656e-04 3.508594586e-04 2.642395067e-04 1.990042314e-04 1.498741979e-04 1.128733547e-04
magtable PE-03a 6.05 0.1 8.914863375e-04 7.267265793e-04 5.924168424e-04 4.829295159e-04 3.936770541e-04 3.209197571e-04 2.616090763e-04 2.132598798e-04 1.738463243e-04 1.417169723e-04 1.155255960e-04 9.417477049e-05 7.676989084e-05 6.258168837e-05 5.101567394e-05 4.158722872e-05 3.390129854e-05
magtable PE-03ba 6.05 0.1 7.112661822e-04 5.798137535e-04 4.726556628e-04 3.853019598e-04 3.140925032e-04 2.560435991e-04 2.087229844e-04 1.701479138e-04 1.387020823e-04 1.130679020e-04 9.217129436e-05 7.513668650e-05 6.125032417e-05 4.993036538e-05 4.070250110e-05
magtable PE-03bb1 6.05 0.1 4.470183499e-04 3.644027986e-04 2.970558136e-04 2.421555398e-04 1.974016423e-04 1.609189218e-04 1.311787435e-04
magtable PE-03bb2 6.05 0.1 4.470069605e-04 3.643935142e-04 2.970482451e-04 2.421493701e-04 1.973966128e-04 1.609148219e-04 1.311754013e-04 1.069322620e-04
magtable PE-03bb3 6.05 0.1 4.480598396e-04 3.652518057e-04 2.977479118e-04 2.427197281e-04 1.978615603e-04 1.612938402e-04 1.314843715e-04 1.071841300e-04
magtable PE-03bc1 6.05 0.1 6.225811743e-04 5.075190366e-04 4.137220705e-04 3.372601603e-04 2.749295332e-04 2.241185208e-04 1.826981291e-04 1.489328336e-04 1.214078603e-04 9.896990600e-05 8.067881494e-05 6.576818593e-05 5.361325999e-05 4.370474274e-05
magtable PE-03bc2 6.05 0.1 6.558319705e-04 5.346245977e-04 4.358181261e-04 3.552725406e-04 2.896129613e-04 2.360882358e-04 1.924556651e-04 1.568870338e-04 1.278920076e-04 1.042556877e-04 8.498770659e-05 6.928073118e-05 5.647663532e-05 4.603892429e-05
magtable PE-04 6.05 0.1 6.281660690e-04 5.120717608e-04 4.174333845e-04 3.402855690e-04
magtable PE-05 6.05 0.1 3.986026661e-03 3.249350437e-03 2.648822790e-03
magtable PE-07a3 6.05 0.1 5.458163686e-04 4.449414935e-04 3.627097758e-04 2.956756863e-04 2.410304803e-04 1.964845103e-04 1.601712892e-04 1.305692844e-04 1.064381645e-04 8.676682964e-05 7.073104618e-05
magtable PE-07b 6.05 0.1 4.129831023e-03 3.366577642e-03 2.744384688e-03 2.237182122e-03 1.823718034e-03 1.486668177e-03 1.211910081e-03 9.879313124e-04 8.053471074e-04 6.565071431e-04 5.351749885e-04 4.362667966e-04 3.556382902e-04 2.899111150e-04 2.363312863e-04
magtable PE-07c2 6.05 0.1 5.740631777e-03 4.679678778e-03
magtable PE-07d1 6.05 0.1 5.030231964e-04 4.100571276e-04 3.342725526e-04 2.724940793e-04 2.221331744e-04 1.810797039e-04 1.476135172e-04 1.203323729e-04
magtable PE-07d2 6.05 0.1 5.012039292e-04 4.085740877e-04 3.330636002e-04 2.715085590e-04 2.213297928e-04 1.804247990e-04 1.470796483e-04 1.198971708e-04
magtable PE-07d3 6.05 0.1 5.082839632e-04 4.143456275e-04 3.377684748e-04 2.753439037e-04 2.244563095e-04 1.829734895e-04 1.491573034e-04 1.215908448e-04 9.911907225e-05
magtable PE-07d4 6.05 0.1 7.844845109e-04 6.395002606e-04 5.213112274e-04
magtable PE-07d5 6.05 0.1 7.844864172e-04 6.395018145e-04 5.213124942e-04
magtable PE-08a 6.05 0.1 6.279149619e-04 5.118670620e-04 4.172665170e-04 3.401495410e-04
magtable PE-08b 6.05 0.1 5.171344636e-04 4.215604255e-04 3.436498723e-04 2.801383326e-04 2.283646576e-04 1.861595175e-04
magtable PE-08d 6.05 0.1 5.174562595e-04 4.218227488e-04 3.438637143e-04 2.803126536e-04 2.285067614e-04 1.862753585e-04
magtable PE-09 6.05 0.1 4.797594826e-03 3.910928895e-03 3.188131840e-03 2.598918289e-03 2.118600048e-03 1.727051668e-03 1.407867174e-03 1.147672659e-03 9.355659092e-04 7.626595993e-04 6.217089129e-04 5.068079819e-04 4.131424292e-04 3.367876452e-04 2.745443458e-04 2.238045216e-04 1.824421616e-04
magtable PE-100c 6.05 0.1 3.510925614e-03 2.778957920e-03 2.199592920e-03 1.741015572e-03 1.378043725e-03 1.090745275e-03 8.633436178e-04 6.833513006e-04 5.408842903e-04
magtable PE-100d 6.05 0.1 3.567155246e-03 2.823464640e-03 2.234820753e-03 1.768899007e-03
magtable PE-100e 6.05 0.1 4.800738403e-03 3.799866894e-03 3.007659906e-03
magtable PE-100f 6.05 0.1 4.832058041e-03 3.824656925e-03 3.027281641e-03
magtable PE-100g 6.05 0.1 3.300321004e-03 2.612260754e-03 2.067649250e-03 1.636579891e-03 1.295381091e-03 1.025316380e-03 8.115555238e-04
magtable PE-100i 6.05 0.1 3.562678032e-03 2.819920848e-03 2.232015781e-03 1.766678823e-03
magtable PE-100j 6.05 0.1 3.510342022e-03 2.778495997e-03 2.199227300e-03 1.740726177e-03 1.377814665e-03 1.090563970e-03 8.632001115e-04 6.832377129e-04 5.407943837e-04
magtable PE-100l 6.05 0.1 3.360386450e-03 2.659803586e-03 2.105280218e-03 1.666365449e-03 1.318956871e-03 1.043977015e-03 8.263257369e-04 6.540510121e-04
magtable PE-100m 6.05 0.1 3.905066729e-03 3.090927382e-03 2.446522106e-03 1.936464264e-03
magtable PE-100o 6.05 0.1 3.596068301e-03 2.846349820e-03 2.252934766e-03 1.783236559e-03 1.411462362e-03 1.117196700e-03 8.842803747e-04 6.999231033e-04 5.540011567e-04 4.385014300e-04
magtable PE-101b 6.05 0.1 5.507223665e-04 4.359062112e-04 3.450272525e-04 2.730949958e-04 2.161593793e-04 1.710938611e-04
magtable PE-103 6.05 0.1 4.814408836e-03 3.810687277e-03 3.016224424e-03
magtable PE-104 6.05 0.1 5.120439958e-04 4.052916165e-04 3.207952750e-04 2.539149695e-04 2.009780591e-04
magtable PE-106 6.05 0.1 3.300327412e-03 2.612265826e-03 2.067653265e-03 1.636583069e-03 1.295383606e-03 1.025318371e-03 8.115570995e-04
magtable PE-11a 6.05 0.1 5.006404481e-04 4.081147461e-04 3.326891518e-04 2.712033141e-04 2.210809616e-04 1.802219554e-04 1.469142932e-04
magtable PE-11b 6.05 0.1 5.650751650e-04 4.606409818e-04 3.755077682e-04 3.061084219e-04
magtable PE-12a 6.05 0.1 4.470195203e-04 3.644037527e-04 2.970565914e-04 2.421561739e-04 1.974021592e-04 1.609193432e-04 1.311790870e-04
magtable PE-19 6.05 0.1 5.605176479e-04 4.436593447e-04 3.511639908e-04 2.779523296e-04 2.200040424e-04 1.741369779e-04 1.378324087e-04 1.090967186e-04
magtable PE-25 6.05 0.1 5.500608967e-04 4.353826465e-04 3.446128420e-04 2.727669828e-04 2.158997514e-04 1.708883611e-04 1.352610727e-04
magtable PE-26a 6.05 0.1 8.001392519e-04 6.333239595e-04 5.012867907e-04
magtable PE-26b 6.05 0.1 8.001392425e-04 6.333239521e-04 5.012867848e-04
magtable PE-33 6.05 0.1 5.520360736e-04 4.369460329e-04 3.458502892e-04 2.737464435e-04 2.166750114e-04 1.715019927e-04 1.357467726e-04
magtable PE-38 6.05 0.1 5.669694861e-04 4.487660854e-04 3.552060637e-04 2.811516997e-04 2.225363989e-04
magtable PE-39 6.05 0.1 8.000282562e-04 6.332361045e-04 5.012172520e-04
magtable PE-42a 6.05 0.1 5.565763579e-04 4.405397459e-04 3.486947748e-04 2.759979027e-04 2.184570800e-04 1.729125306e-04 1.368632376e-04 1.083296030e-04 8.574474127e-05 6.786843530e-05
magtable PE-42b 6.05 0.1 6.189593321e-04 4.899169414e-04 3.877776730e-04 3.069326879e-04
magtable PE-42c1 6.05 0.1 8.001624590e-04 6.333423283e-04 5.013013299e-04
magtable PE-42c2 6.05 0.1 5.939018951e-04 4.700835496e-04 3.720792028e-04 2.945070791e-04
magtable PE-43a 6.05 0.1 5.819304213e-04 4.606079226e-04 3.645790812e-04 2.885706041e-04 2.284085890e-04
magtable PE-43b 6.05 0.1 5.812741826e-04 4.600884983e-04 3.641679480e-04 2.882451851e-04 2.281510143e-04 1.805854461e-04 1.429364820e-04 1.131366803e-04 8.954962547e-05
magtable PE-44b 6.05 0.1 5.721929586e-04 4.529005536e-04 3.584785663e-04 2.837419417e-04 2.245866199e-04 1.777641667e-04 1.407033909e-04 1.113691503e-04 8.815059514e-05
magtable PE-45 6.05 0.1 5.883866038e-04 4.657181019e-04 3.686238759e-04 2.917721285e-04 2.309426506e-04 1.827950742e-04 1.446854406e-04 1.145210110e-04 9.064534703e-05 7.174734892e-05 5.678925886e-05
magtable PE-47 6.05 0.1 5.937712829e-04 4.699801679e-04 3.719973743e-04 2.944423105e-04
magtable PE-50 6.05 0.1 8.031085958e-04 6.356742462e-04 5.031470830e-04
magtable PE-51a 6.05 0.1 7.554271667e-04 5.979335762e-04 4.732746945e-04 3.746050487e-04 2.965063296e-04 2.346898521e-04 1.857610485e-04 1.470330601e-04 1.163791923e-04 9.211612937e-05 7.291149840e-05 5.771070317e-05 4.567901269e-05
magtable PE-51b 6.05 0.1 4.361709077e-04 3.452367642e-04 2.732608280e-04 2.162906384e-04 1.711977549e-04 1.355059631e-04
magtable PE-51c 6.05 0.1 4.361992542e-04 3.452592010e-04 2.732785871e-04 2.163046950e-04 1.712088809e-04 1.355147696e-04
magtable PE-53 6.05 0.1 5.500708542e-04 4.353905281e-04 3.446190804e-04 2.727719206e-04 2.159036598e-04 1.708914546e-04 1.352635212e-04
magtable PE-63 6.05 0.1 8.221812216e-04 6.507705571e-04 5.150960723e-04 4.077073875e-04 3.227073992e-04 2.554284487e-04 2.021760039e-04 1.600257792e-04 1.266631526e-04 1.002560606e-04 7.935439374e-05 6.281036548e-05 4.971548299e-05 3.935065860e-05
magtable PE-64 6.05 0.1 5.605385219e-04 4.436758668e-04 3.511770683e-04 2.779626807e-04 2.200122355e-04 1.741434629e-04 1.378375416e-04 1.091007814e-04
magtable PE-64n1 6.05 0.1 6.972900337e-04 5.519170369e-04 4.368518134e-04 3.457757128e-04 2.736874151e-04 2.166282893e-04 1.714650114e-04 1.357175013e-04 1.074227331e-04 8.502693811e-05 6.730028177e-05 5.326932884e-05
magtable PE-64n2 6.05 0.1 6.350821822e-04 5.026784541e-04 3.978786295e-04 3.149277684e-04 2.492707373e-04 1.973020695e-04 1.561679765e-04 1.236096355e-04 9.783914934e-05 7.744136699e-05 6.129617196e-05
magtable PE-64s12 6.05 0.1 7.613811059e-04 6.026462213e-04 4.770048340e-04 3.775575182e-04 2.988432599e-04 2.365395725e-04 1.872251340e-04 1.481919090e-04 1.172964410e-04 9.284214751e-05 7.348615423e-05 5.816555313e-05 4.603903424e-05
magtable PE-64s19 6.05 0.1 6.063854207e-04 4.799644745e-04 3.799001245e-04 3.006974730e-04 2.380072141e-04 1.883867975e-04 1.491113856e-04 1.180242225e-04 9.341819908e-05 7.394210894e-05
magtable PE-64s22 6.05 0.1 5.508022883e-04 4.359694707e-04 3.450773234e-04 2.731346279e-04 2.161907488e-04 1.711186905e-04
magtable PE-64s3 6.05 0.1 5.677963469e-04 4.494205600e-04 3.557240916e-04 2.815617277e-04 2.228609430e-04
magtable PE-65a1 6.05 0.1 9.412748491e-04 7.450352086e-04 5.897081628e-04 4.667641386e-04 3.694518319e-04 2.924274699e-04 2.314613646e-04 1.832056452e-04 1.450104146e-04 1.147782336e-04 9.084894306e-05 7.190849868e-05 5.691681166e-05 4.505063392e-05 3.565835045e-05 2.822419678e-05
magtable PE-65a2 6.05 0.1 6.508553107e-04 5.151631562e-04 4.077604856e-04 3.227494272e-04
magtable PE-65b1 6.05 0.1 7.856770317e-04 6.218768638e-04 4.922262178e-04 3.896055049e-04 3.083794483e-04 2.440876294e-04 1.931995507e-04 1.529207624e-04 1.210394097e-04 9.580477150e-05 7.583112200e-05 6.002163539e-05 4.750815522e-05 3.760352077e-05
magtable PE-65c1 6.05 0.1 5.557188422e-04 4.398610075e-04 3.481575416e-04 2.755726735e-04 2.181205038e-04 1.726461247e-04 1.366523728e-04 1.081626999e-04
magtable PE-66a 6.05 0.1 3.564626795e-03 2.821463327e-03 2.233236680e-03 1.767645186e-03
magtable PE-66b 6.05 0.1 4.815825809e-03 3.811808835e-03 3.017112157e-03
magtable PE-66c 6.05 0.1 3.978908345e-03 3.149374289e-03 2.492783837e-03 1.973081218e-03 1.561727670e-03 1.236134272e-03 9.784215058e-04 7.744374253e-04 6.129805224e-04 4.851846108e-04 3.840319520e-04
magtable PE-67c1 6.05 0.1 8.001013965e-04 6.332939963e-04 5.012630743e-04
magtable PE-67c3 6.05 0.1 5.722230040e-04 4.529243350e-04 3.584973897e-04 2.837568408e-04 2.245984128e-04 1.777735010e-04 1.407107791e-04 1.113749982e-04 8.815522386e-05
magtable PE-68a 6.05 0.1 5.308713837e-04 4.201938174e-04 3.325906229e-04 2.632511899e-04 2.083678379e-04 1.649267222e-04 1.305423331e-04 1.033264986e-04 8.178469817e-05 6.473399318e-05
magtable PE-69 6.05 0.1 5.128433069e-04 4.059242850e-04 3.212960430e-04 2.543113360e-04 2.012917900e-04
magtable PE-72c 6.05 0.1 4.800684312e-03 3.799824080e-03 3.007626018e-03
magtable PE-72d 6.05 0.1 4.974697151e-04 3.937558230e-04 3.116644963e-04 2.466878014e-04 1.952576314e-04 1.545497686e-04
magtable PE-75a1 6.05 0.1 5.853041710e-03 4.632783034e-03
magtable PE-75a2 6.05 0.1 5.816008334e-03 4.603470481e-03
magtable PE-75a3 6.05 0.1 3.016951092e-03 2.387968603e-03 1.890118160e-03 1.496060985e-03 1.184157963e-03 9.372813644e-04 7.418742968e-04 5.872062469e-04
magtable PE-75a4 6.05 0.1 5.815743861e-03 4.603261146e-03
magtable PE-75a6 6.05 0.1 3.797784023e-03 3.006011278e-03 2.379309552e-03
magtable PE-75a7 6.05 0.1 3.806159881e-03 3.012640913e-03 2.384557022e-03
magtable PE-75b2 6.05 0.1 2.711346584e-03 2.146077386e-03 1.698657108e-03 1.344516274e-03 1.064207721e-03 8.423386882e-04 6.667255380e-04
magtable PE-75b4 6.05 0.1 3.298047313e-03 2.610461089e-03 2.066224784e-03
magtable PE-75c1 6.05 0.1 3.908828378e-03 3.093904791e-03 2.448878777e-03 1.938329609e-03
magtable PE-75c2 6.05 0.1 3.362963175e-03 2.661843109e-03 2.106894535e-03 1.667643208e-03 1.319968240e-03 1.044777531e-03 8.269593587e-04 6.545525347e-04
magtable PE-75c4 6.05 0.1 3.564376686e-03 2.821265362e-03 2.233079986e-03 1.767521160e-03
magtable PE-75c6 6.05 0.1 3.564919744e-03 2.821695202e-03 2.233420212e-03 1.767790455e-03
magtable PE-77 6.05 0.1 6.513857673e-04 5.155830217e-04 4.080928163e-04 3.230124727e-04
magtable PE-78a 6.05 0.1 3.304814911e-03 2.615817759e-03 2.070464681e-03 1.638808353e-03 1.297144956e-03 1.026712510e-03
magtable PE-78b 6.05 0.1 6.112918529e-05 4.838479999e-05 3.829740016e-05 3.031304994e-05 2.399329963e-05 1.899110872e-05 1.503178870e-05 1.189791892e-05
magtable PE-80b 6.05 0.1 3.276490420e-03 2.593398438e-03 2.052719403e-03 1.624762661e-03
magtable PE-81a1 6.05 0.1 3.906812551e-03 3.092309230e-03 2.447615863e-03 1.937329991e-03
magtable PE-81c1 6.05 0.1 3.334087743e-03 2.638987709e-03 2.088804093e-03 1.653324313e-03 1.308634588e-03 1.035806751e-03 8.198588325e-04 6.489323462e-04
magtable PE-83a1 6.05 0.1 3.905069803e-03 3.090929815e-03 2.446524032e-03 1.936465788e-03
magtable PE-83a3 6.05 0.1 3.311596698e-03 2.621185660e-03 2.074713466e-03 1.642171339e-03 1.299806818e-03 1.028819419e-03 8.143282394e-04
magtable PE-83b2 6.05 0.1 3.905225061e-03 3.091052704e-03 2.446621301e-03 1.936542778e-03
magtable PE-83c1 6.05 0.1 3.276526692e-03 2.593427148e-03 2.052742127e-03 1.624780648e-03
magtable PE-83c3 6.05 0.1 3.256042869e-03 2.577213850e-03 2.039909023e-03 1.614623026e-03 1.278001854e-03 1.011560416e-03 8.006674420e-04 6.337420310e-04 5.016177015e-04 3.970390255e-04
magtable PE-86 6.05 0.1 2.985483849e-03 2.363061739e-03 1.870403950e-03 1.480456849e-03 1.171807021e-03 9.275053821e-04
magtable PE-87a2 6.05 0.1 5.465078512e-04 4.325703500e-04 3.423868610e-04 2.710050806e-04
magtable PE-87b1 6.05 0.1 3.052174387e-03 2.415848445e-03 1.912185534e-03 1.513527691e-03 1.197983160e-03 9.482242457e-04 7.505357753e-04 5.940619559e-04
magtable PE-88 6.05 0.1 8.001225505e-04 6.333107400e-04 5.012763273e-04
magtable PE-89 6.05 0.1 6.512611108e-04 5.154843540e-04 4.080147191e-04 3.229506574e-04
magtable PE-91 6.05 0.1 2.984823991e-03 2.362539450e-03 1.869990549e-03 1.480129635e-03 1.171548026e-03 9.273003827e-04
magtable PE-92a 6.05 0.1 8.833641059e-05 6.991978607e-05 5.534271148e-05
magtable PE-92c 6.05 0.1 6.352623318e-05 5.028210456e-05 3.979914931e-05 3.150171019e-05 2.493414463e-05 1.973580369e-05 1.562122757e-05 1.236446990e-05 9.786690273e-06
magtable PE-94 6.05 0.1 8.001272639e-04 6.333144708e-04 5.012792802e-04
magtable PE-95 6.05 0.1 5.940530990e-04 4.702032301e-04 3.721739320e-04 2.945820589e-04
magtable VE01-01a 6.05 0.1 8.404686652e-04 6.680248322e-04 5.309623011e-04 4.220216848e-04 3.354330469e-04 2.666103022e-04 2.119083195e-04 1.684298599e-04 1.338721282e-04 1.064048069e-04 8.457311521e-05 6.722075841e-05 5.342868535e-05 4.246641195e-05 3.375333179e-05 2.682796485e-05 2.132351563e-05 1.694844619e-05
magtable VE01-02 6.05 0.1 2.195537066e-04 1.801859932e-04 1.478772218e-04 1.213616681e-04 9.960056269e-05 8.174139528e-05 6.708451761e-05 5.505573385e-05 4.518380601e-05
magtable VE01-05 6.05 0.1 2.403399034e-04 1.910279708e-04 1.518336536e-04 1.206810618e-04 9.592022809e-05 7.623971830e-05 6.059717290e-05 4.816409931e-05 3.828199158e-05 3.042745323e-05
magtable VE01-06 6.05 0.1 1.853451640e-04 1.473168212e-04 1.170909742e-04 9.306673955e-05 7.397169657e-05 5.879449435e-05 4.673128678e-05 3.714315750e-05
magtable VE01-08 6.05 0.1 2.614137446e-04 2.077779697e-04 1.651469580e-04 1.312627983e-04 1.043308483e-04 8.292468277e-05 6.591054442e-05 5.238729557e-05 4.163869015e-05 3.309543848e-05 2.630505532e-05
magtable VE01-09 6.05 0.1 3.391014755e-04 2.695260580e-04 2.142258327e-04 1.702718756e-04 1.353362068e-04 1.075684920e-04 8.549804028e-05 6.795591124e-05 5.401300260e-05
magtable VE01-10a 6.05 0.1 3.712943603e-04 3.047183495e-04 2.500799431e-04 2.052386345e-04 1.684377266e-04 1.382355121e-04 1.134487932e-04 9.310652869e-05 7.641179286e-05 6.271055499e-05 5.146605727e-05 4.223778679e-05 3.466421808e-05 2.844865004e-05
magtable VE01-10b 6.05 0.1 3.492269815e-04 2.866078260e-04 2.352167795e-04 1.930405535e-04 1.584268579e-04 1.300196712e-04 1.067061174e-04 8.757286793e-05 7.187036117e-05 5.898343787e-05 4.840724168e-05 3.972744099e-05 3.260399710e-05
magtable VE01-10c 6.05 0.1 3.492254081e-04 2.866065347e-04 2.352157198e-04 1.930396838e-04 1.584261441e-04 1.300190854e-04 1.067056367e-04 8.757247338e-05 7.187003737e-05 5.898317213e-05 4.840702359e-05 3.972726200e-05 3.260385021e-05
magtable VE01-10d 6.05 0.1 3.424644603e-04 2.810578782e-04 2.306619812e-04 1.893024665e-04 1.553590394e-04 1.275019368e-04 1.046398327e-04 8.587708436e-05 7.047864499e-05 5.784126739e-05 4.746987139e-05 3.895814859e-05 3.197264490e-05
magtable VE01-12b 6.05 0.1 5.904505343e-04 4.845780908e-04 3.976894126e-04 3.263805604e-04 2.678579486e-04 2.198289032e-04 1.804118449e-04 1.480625765e-04 1.215137873e-04 9.972540567e-05 8.184385293e-05 6.716860380e-05 5.512474272e-05 4.524044105e-05 3.712847271e-05
magtable VE01-12d 6.05 0.1 1.694982939e-03 1.391059113e-03 1.141631229e-03 9.369277348e-04 7.689291932e-04 6.310541168e-04 5.179011304e-04 4.250373680e-04 3.488248115e-04 2.862777682e-04 2.349459037e-04 1.928182479e-04 1.582444134e-04 1.298699405e-04
magtable VE01-12e 6.05 0.1 1.960836972e-03 1.609243419e-03 1.320693366e-03 1.083882616e-03 8.895339041e-04 7.300334507e-04 5.991326881e-04 4.917034659e-04 4.035371516e-04 3.311797537e-04 2.717966086e-04
magtable VE01-12f 6.05 0.1 2.208524869e-03 1.812518920e-03 1.487519965e-03 1.220795889e-03 1.001897545e-03 8.222494038e-04 6.748135926e-04 5.538141866e-04 4.545109296e-04 3.730135308e-04 3.061292591e-04 2.512378655e-04 2.061889323e-04
magtable VE01-12g 6.05 0.1 2.236597176e-03 1.835557640e-03 1.506427661e-03 1.236313285e-03 1.014632550e-03 8.327009217e-04 6.833910708e-04 5.608536552e-04 4.602881659e-04 3.777548630e-04 3.100204330e-04 2.544313212e-04
magtable VE01-12h 6.05 0.1 1.593472299e-03 1.285873041e-03 1.037651849e-03 8.373465543e-04 6.757076109e-04 5.452709791e-04 4.400134552e-04 3.550745377e-04 2.865319817e-04 2.312206813e-04 1.865865135e-04
magtable VE01-20 6.05 0.1 4.524982017e-04 3.713617009e-04 3.047736154e-04 2.501252994e-04 2.052758581e-04 1.684682757e-04
magtable VE02-01a 6.05 0.1 1.022153708e-03 8.348862987e-04 6.819279002e-04 5.569928046e-04 4.549469003e-04 3.715966891e-04 3.035169583e-04 2.479100236e-04 2.024907609e-04 1.653927003e-04 1.350913256e-04 1.103414251e-04
magtable VE02-01b 6.05 0.1 6.668530298e-03 5.381256605e-03 4.342474482e-03 3.504215838e-03 2.827772205e-03 2.281907284e-03 1.841414539e-03 1.485953232e-03 1.199109142e-03 9.676366011e-04 7.808468461e-04 6.301144421e-04 5.084789829e-04 4.103236790e-04
magtable VE02-01c 6.05 0.1 8.830134231e-03 7.125590802e-03 5.750087479e-03 4.640107317e-03 3.744394497e-03 3.021587474e-03 2.438309016e-03 1.967624936e-03 1.587800341e-03 1.281295982e-03 1.033958332e-03 8.343660231e-04 6.733024328e-04
magtable VE02-01d 6.05 0.1 1.073845990e-02 8.665538834e-03 6.992768422e-03 5.642904745e-03 4.553614826e-03 3.674598265e-03 2.965264503e-03 2.392858468e-03 1.930948030e-03 1.558203438e-03 1.257412379e-03 1.014685150e-03 8.188132803e-04
magtable VE02-01e 6.05 0.1 7.008378603e-03 5.655501582e-03 4.563780006e-03 3.682801188e-03 2.971883958e-03 2.398200123e-03 1.935258547e-03 1.561681866e-03 1.260219341e-03 1.016950265e-03 8.206411434e-04 6.622269640e-04 5.343925970e-04 4.312350044e-04 3.479906534e-04 2.808155499e-04
magtable VE02-01f 6.05 0.1 3.519681507e-03 2.840252426e-03 2.291978359e-03 1.849541523e-03 1.492511407e-03 1.204401346e-03 9.719072132e-04 7.842930716e-04 6.328954183e-04 5.107231276e-04 4.121346205e-04 3.325773521e-04 2.683775874e-04 2.165707585e-04 1.747645692e-04 1.410285251e-04
magtable VE02-06a 6.05 0.1 4.728410957e-04 3.815652259e-04 3.079089845e-04 2.484711297e-04 2.005069856e-04 1.618017003e-04 1.305679707e-04 1.053635094e-04 8.502444398e-05 6.861157261e-05 5.536699420e-05 4.467911068e-05 3.605438511e-05 2.909455147e-05
magtable VE02-06d 6.05 0.1 1.065574411e-03 8.598790257e-04 6.938904796e-04 5.599438797e-04 4.518539418e-04 3.646293711e-04 2.942423779e-04 2.374426851e-04 1.916074398e-04 1.546200969e-04 1.247726831e-04 1.006869273e-04 8.125061571e-05 6.556623318e-05 5.290951823e-05 4.269601872e-05 3.445410345e-05 2.780318354e-05
magtable VE02-07a 6.05 0.1 5.205954561e-04 4.217667404e-04 3.416994544e-04 2.768319688e-04 2.242787865e-04 1.817021866e-04 1.472082364e-04 1.192625431e-04 9.662199982e-05 7.827948830e-05 6.341907951e-05 5.137973859e-05
magtable VE02-07b 6.05 0.1 1.040735525e-03 8.398349660e-04 6.777156669e-04 5.468914058e-04 4.413210795e-04 3.561297419e-04 2.873834924e-04 2.319078189e-04 1.871410081e-04 1.510158522e-04 1.218641913e-04
magtable VE02-07c 6.05 0.1 7.261139996e-04 5.859470650e-04 4.728375479e-04 3.815623629e-04 3.079066742e-04 2.484692654e-04 2.005054811e-04
magtable VE02-07d 6.05 0.1 5.334318445e-04 4.304597128e-04 3.473650219e-04 2.803106884e-04 2.262003284e-04 1.825352749e-04 1.472991964e-04 1.188649879e-04 9.591963640e-05
magtable VE02-08a 6.05 0.1 2.582822540e-04 2.084241989e-04 1.681905978e-04 1.357235740e-04 1.095238900e-04 8.838171687e-05 7.132076731e-05 5.755321383e-05
magtable VE02-08b 6.05 0.1 5.651489602e-04 4.560542487e-04 3.680188630e-04 2.969775721e-04 2.396498854e-04 1.933885685e-04 1.560574018e-04 1.259325348e-04 1.016228846e-04 8.200589853e-05
magtable VE02-15 6.05 0.1 1.858374240e-03 1.499639082e-03 1.210153116e-03 9.765486780e-04 7.880385616e-04 6.359178897e-04 5.131621499e-04 4.141028211e-04 3.341656170e-04 2.696592582e-04 2.176050193e-04 1.755991793e-04 1.417020245e-04 1.143482778e-04
magtable VE02-27 6.05 0.1 8.498320217e-04 6.974504293e-04 5.723920597e-04 4.697576434e-04 3.855263884e-04 3.163984625e-04 2.596657197e-04 2.131056056e-04 1.748940877e-04 1.435341967e-04 1.177973818e-04 9.667538099e-05
magtable VE02-28 6.05 0.1 2.879921011e-04 2.363528432e-04 1.939729120e-04 1.591920371e-04 1.306476478e-04 1.072214928e-04 8.799583247e-05 7.221748483e-05 5.926831951e-05 4.864104180e-05 3.991931890e-05
magtable VE02-31 6.05 0.1 3.145050203e-04 2.568849776e-04 2.098214255e-04 1.713803237e-04 1.399819645e-04 1.143360566e-04 9.338870113e-05 7.627908250e-05 6.230409415e-05 5.088944466e-05 4.156605779e-05 3.395079611e-05 2.773071631e-05
magtable VE02-46a 6.05 0.1 1.774445426e-03 1.477531874e-03 1.230300130e-03 1.024437060e-03 8.530205474e-04 7.102867347e-04 5.914362169e-04 4.924726615e-04 4.100684324e-04 3.414526986e-04 2.843182654e-04 2.367439951e-04 1.971302096e-04 1.641449005e-04 1.366789414e-04
magtable VE02-47a 6.05 0.1 9.748621132e-04 8.117408535e-04 6.759142696e-04 5.628152111e-04 4.686407377e-04 3.902242453e-04 3.249289901e-04 2.705594280e-04 2.252873899e-04 1.875906097e-04 1.562015382e-04 1.300647222e-04 1.083013148e-04 9.017952438e-05 7.509000821e-05 6.252538336e-05 5.206316603e-05 4.335156558e-05 3.609765562e-05 3.005752443e-05 2.502807341e-05
magtable VE02-47e 6.05 0.1 8.815684767e-04 7.340578098e-04 6.112297370e-04 5.089541810e-04 4.237921401e-04 3.528800523e-04 2.938335083e-04 2.446670761e-04 2.037275410e-04 1.696383168e-04 1.412531580e-04 1.176176174e-04 9.793695315e-05 8.154940567e-05 6.790394586e-05 5.654174701e-05 4.708075670e-05 3.920285045e-05 3.264313471e-05 2.718103993e-05
magtable VE03-01 6.05 0.1 1.093515598e-03 9.061894264e-04 7.509534186e-04 6.223103255e-04 5.157046118e-04 4.273611344e-04 3.541514561e-04 2.934830609e-04 2.432075475e-04 2.015445489e-04 1.670186868e-04 1.384073243e-04 1.146972701e-04 9.504889878e-05 7.876641836e-05 6.527323032e-05
magtable VE03-03b 6.05 0.1 5.808223908e-03 4.813238240e-03 3.988699940e-03 3.305410291e-03 2.739172502e-03 2.269934844e-03 1.881080579e-03 1.558839521e-03 1.291800405e-03 1.070506786e-03 8.871221699e-04 7.351525043e-04 6.092162083e-04 5.048536001e-04 4.183689699e-04 3.466997066e-04 2.873078435e-04
magtable VE03-03d 6.05 0.1 5.643929288e-03 4.677088333e-03 3.875873377e-03 3.211911636e-03 2.661690760e-03 2.205726217e-03 1.827871298e-03 1.514745328e-03 1.255259827e-03 1.040225841e-03 8.620285437e-04 7.143575758e-04 5.919835832e-04 4.905730332e-04 4.065347549e-04 3.368927678e-04
magtable VE03-07a 6.05 0.1 1.687163387e-04 1.398141577e-04 1.158631039e-04 9.601501788e-05 7.956703512e-05 6.593669633e-05
magtable VE03-07b 6.05 0.1 3.559821261e-04 2.950001255e-04 2.444647292e-04 2.025863675e-04 1.678820353e-04 1.391227757e-04 1.152901601e-04 9.554022294e-05 7.917357557e-05 6.561063891e-05 5.437111949e-05
magtable VE03-09a 6.05 0.1 5.680593465e-04 4.730073848e-04 3.938602322e-04 3.279565763e-04 2.730804157e-04 2.273865470e-04 1.893385200e-04 1.576569750e-04 1.312766244e-04 1.093104324e-04 9.101978885e-05 7.578967332e-05 6.310797524e-05 5.254827425e-05
magtable VE03-09b 6.05 0.1 5.788948070e-04 4.820297746e-04 4.013729279e-04 3.342121913e-04 2.782892942e-04 2.317238367e-04 1.929500618e-04 1.606642065e-04 1.337806633e-04 1.113954767e-04 9.275594783e-05 7.723532511e-05 6.431172971e-05 5.355060747e-05
magtable VE03-09c 6.05 0.1 9.062772068e-04 7.546320894e-04 6.283613734e-04 5.232192231e-04 4.356702481e-04 3.627706260e-04 3.020691168e-04 2.515246407e-04
magtable VE03-09d 6.05 0.1 4.136708169e-04 3.444523050e-04 2.868159551e-04 2.388237526e-04 1.988619664e-04 1.655868867e-04 1.378796436e-04 1.148085848e-04 9.559794904e-05
magtable VE03-09e 6.05 0.1 4.725657847e-04 3.934925239e-04 3.276503957e-04 2.728254676e-04 2.271742587e-04 1.891617534e-04 1.575097863e-04 1.311540644e-04 1.092083801e-04 9.093481269e-05 7.571891600e-05
magtable VE03-09f 6.05 0.1 3.568684474e-04 2.971545351e-04 2.474324037e-04 2.060301533e-04 1.715556387e-04 1.428496591e-04 1.189469799e-04 9.904387677e-05 8.247111050e-05 6.867142411e-05 5.718080502e-05 4.761288273e-05
magtable VE03-10 6.05 0.1 3.691930188e-04 3.074168666e-04 2.559775647e-04 2.131454737e-04 1.774803702e-04 1.477830200e-04 1.230548537e-04 1.024643902e-04 8.531927794e-05 7.104301476e-05 5.915556329e-05 4.925720959e-05 4.101512287e-05
magtable VE03-11 6.05 0.1 3.757324268e-04 3.128620517e-04 2.605116205e-04 2.169208571e-04 1.806240281e-04 1.504006574e-04 1.252344884e-04 1.042793120e-04 8.683051336e-05 7.230137891e-05 6.020336848e-05 5.012968814e-05 4.174161175e-05 3.475709137e-05
magtable VE03-12a 6.05 0.1 5.683295443e-04 4.570689017e-04 3.675895139e-04 2.956273118e-04 2.377529940e-04 1.912086058e-04 1.537761117e-04 1.236716957e-04 9.946075600e-05 7.998953945e-05 6.433016075e-05 5.173638467e-05 4.160806482e-05 3.346254419e-05 2.691165447e-05 2.164321822e-05
magtable VE03-14a 6.05 0.1 2.616350329e-04 2.178562917e-04 1.814029387e-04 1.510492348e-04 1.257745410e-04 1.047289990e-04
magtable VE03-14b 6.05 0.1 2.478463371e-04 2.063748241e-04 1.718426366e-04 1.430886344e-04 1.191459681e-04 9.920956874e-05 8.260907764e-05 6.878630555e-05
magtable VE03-14c 6.05 0.1 2.347529252e-04 1.954723004e-04 1.627644051e-04 1.355294409e-04 1.128516357e-04 9.396845134e-05 7.824494342e-05 6.515241109e-05
magtable VE03-14d 6.05 0.1 2.489827236e-04 2.073210619e-04 1.726305428e-04 1.437447022e-04 1.196922577e-04 9.966444904e-05 8.298784395e-05 6.910169384e-05 5.753907878e-05
magtable VE04-01a 6.05 0.1 9.630012513e-04 7.950132520e-04 6.563294389e-04 5.418379269e-04 4.473185593e-04 3.692873525e-04 3.048680764e-04 2.516862366e-04 2.077815509e-04 1.715356924e-04 1.416126391e-04 1.169094273e-04 9.651549659e-05 7.967912680e-05 6.577972939e-05 5.430497262e-05
magtable VE04-02a 6.05 0.1 9.246739736e-04 7.633718667e-04 6.302076445e-04 5.202728742e-04 4.295153606e-04 3.545897818e-04 2.927343814e-04 2.416691694e-04 1.995118823e-04 1.647086025e-04 1.359764814e-04 1.122564530e-04 9.267419707e-05 7.650791179e-05 6.316170792e-05
magtable VE04-03 6.05 0.1 8.804663434e-04 7.296368632e-04 6.046454315e-04 5.010658265e-04 4.152300660e-04 3.440985168e-04 2.851522541e-04 2.363038607e-04 1.958235076e-04 1.622776963e-04 1.344784956e-04
magtable VE04-04a 6.05 0.1 4.527482987e-04 3.751896378e-04 3.109172684e-04 2.576551644e-04 2.135171973e-04 1.769403444e-04 1.466293389e-04 1.215108013e-04 1.006952288e-04 8.344549618e-05 6.915075237e-05 5.730478902e-05 4.748811447e-05 3.935309867e-05 3.261166277e-05 2.702507768e-05 2.239551012e-05
magtable VE04-05 6.05 0.1 2.782237774e-04 2.296898263e-04 1.896222414e-04 1.565441318e-04 1.292362384e-04 1.066919924e-04 8.808041289e-05 7.271547716e-05 6.003083370e-05 4.955892659e-05 4.091376137e-05 3.377667727e-05
magtable VE04-08a 6.05 0.1 1.439397927e-04 1.192819914e-04 9.884822824e-05 8.191489854e-05 6.788235583e-05 5.625367687e-05 4.661706451e-05 3.863126510e-05 3.201348388e-05 2.652937064e-05 2.198472085e-05 1.821859845e-05 1.509763675e-05
magtable VE04-08b 6.05 0.1 1.707888704e-04 1.409960943e-04 1.164004339e-04 9.609529308e-05 7.933222450e-05 6.549334147e-05 5.406854282e-05 4.463671049e-05 3.685018718e-05 3.042196166e-05 2.511508956e-05 2.073395959e-05 1.711708330e-05 1.413114266e-05
magtable VE04-11a 6.05 0.1 3.520639380e-04 2.917531480e-04 2.417739796e-04 2.003565603e-04 1.660342082e-04 1.375914932e-04 1.140211960e-04 9.448864048e-05 7.830213587e-05 6.488848236e-05 5.377267295e-05 4.456107234e-05 3.692747745e-05 3.060156588e-05
magtable VE04-11b 6.05 0.1 3.906826354e-04 3.237562171e-04 2.682947196e-04 2.223341290e-04 1.842468797e-04 1.526842183e-04 1.265284414e-04 1.048533152e-04 8.689127597e-05 7.200624819e-05 5.967112026e-05 4.944907813e-05 4.097813679e-05 3.395832153e-05 2.814104524e-05 2.332030535e-05
magtable VE04-11c 6.05 0.1 3.575914661e-04 2.963337753e-04 2.455699164e-04 2.035022290e-04 1.686410039e-04 1.397517282e-04 1.158113690e-04 9.597214547e-05 7.953150702e-05 6.590725443e-05 5.461692289e-05 4.526069690e-05 3.750725188e-05 3.108202126e-05 2.575747349e-05
magtable VE04-12a 6.05 0.1 5.865324086e-03 4.860556794e-03 4.027912526e-03 3.337905512e-03 2.766101084e-03 2.292250389e-03 1.899573330e-03 1.574164346e-03 1.304499990e-03 1.081030851e-03 8.958433960e-04 7.423797290e-04 6.152053634e-04 5.098167749e-04 4.224819213e-04 3.501080832e-04 2.901323436e-04
magtable VE04-12b 6.05 0.1 7.573546072e-03 6.276149498e-03 5.201005203e-03 4.310039958e-03 3.571702722e-03 2.959847347e-03 2.452806686e-03 2.032625312e-03 1.684423678e-03
magtable VE04-12c 6.05 0.1 1.029596154e-02 8.532197898e-03 7.070578174e-03 5.859343198e-03 4.855600470e-03 4.023805251e-03 3.334501840e-03 2.763280483e-03 2.289912975e-03 1.897636329e-03 1.572559166e-03 1.303169787e-03 1.079928521e-03 8.949299019e-04 7.416227222e-04 6.145780367e-04 5.092969132e-04
magtable VE04-13a 6.05 0.1 4.254271690e-04 3.525487913e-04 2.921549428e-04 2.421069444e-04 2.006324862e-04 1.662628662e-04 1.377809806e-04 1.141782230e-04 9.461876776e-05 7.840997152e-05 6.497784509e-05 5.384672727e-05 4.462244068e-05 3.697833301e-05 3.064370956e-05 2.539424736e-05 2.104405140e-05 1.743907166e-05 1.445164785e-05
magtable VE04-14a 6.05 0.1 6.897520794e-04 5.715931647e-04 4.736756230e-04 3.925319784e-04 3.252887559e-04 2.695647247e-04 2.233865742e-04 1.851190344e-04 1.534069673e-04 1.271273789e-04
magtable VE04-14b 6.05 0.1 8.107268561e-04 6.520126174e-04 5.243695210e-04 4.217148368e-04 3.391566376e-04 2.727606781e-04 2.193629115e-04 1.764187100e-04 1.418816017e-04 1.141057481e-04
magtable VE04-15a 6.05 0.1 9.308735275e-04 7.486384354e-04 6.020791122e-04 4.842113898e-04 3.894183760e-04 3.131827849e-04 2.518716701e-04 2.025632994e-04 1.629079215e-04 1.310157909e-04 1.053671136e-04 8.473962224e-05 6.815033014e-05 5.480868777e-05
magtable VE04-15b 6.05 0.1 5.310040864e-04 4.270505678e-04 3.434478041e-04 2.762117722e-04 2.221383924e-04 1.786508410e-04 1.436767532e-04 1.155494668e-04 9.292859820e-05 7.473616803e-05 6.010523046e-05
magtable VE04-16a 6.05 0.1 1.572654068e-04 1.264778991e-04 1.017175950e-04 8.180456199e-05 6.578986027e-05 5.291032197e-05 4.255218296e-05 3.422183437e-05 2.752230006e-05 2.213431905e-05 1.780113140e-05
magtable VE04-21 6.05 0.1 1.765781010e-04 1.420097890e-04 1.142088405e-04 9.185042345e-05 7.386906521e-05 5.940787848e-05 4.777772692e-05 3.842438492e-05 3.090212640e-05 2.485248412e-05 1.998716719e-05 1.607432281e-05
magtable VE04-22a 6.05 0.1 2.185655531e-04 1.757774487e-04 1.413658787e-04 1.136909872e-04 9.143394911e-05 7.353412315e-05 5.913850730e-05 4.756108995e-05 3.825015850e-05 3.076200791e-05 2.473979632e-05 1.989654004e-05 1.600143753e-05 1.286887080e-05
magtable VE04-23 6.05 0.1 1.498051713e-04 1.204781378e-04 9.689239396e-05 7.792398008e-05 6.266897146e-05 5.040040280e-05 4.053362523e-05 3.259844530e-05 2.621671835e-05 2.108432824e-05
magtable VE04-27 6.05 0.1 4.090458369e-04 3.289678203e-04 2.645665034e-04 2.127728927e-04 1.711188048e-04 1.376192475e-04 1.106778258e-04 8.901066780e-05 7.158524237e-05 5.757115468e-05 4.630057456e-05 3.723641147e-05 2.994671994e-05
magtable VE04-28a 6.05 0.1 4.535359974e-03 3.647482386e-03 2.933422668e-03 2.359152873e-03 1.897306630e-03 1.525875025e-03 1.227157780e-03 9.869197621e-04 7.937126202e-04 6.383292215e-04 5.133648939e-04 4.128645617e-04 3.320389617e-04 2.670364141e-04 2.147592743e-04 1.727163168e-04