B      : 10                    # (m) foundation width                                                                               
L      : 20                    # (m) foundation length                                                                              
Df     : 2.0                   # (m) foundation embedment depth                                                                     
Q      : 91.3 0.1              # (kPa) Foundation bearing pressure (kPa) and coefficient of variation covQ and number of percentiles
type   : Reinforced-Concrete   # building type (masonty,steel, timber, reinforced concrete)                                         
wt     : 2                     # (m) Water table depth                                                                              
Depth qc fs u2                 # (m),(MPa),(kPa),(kPa), respectively                                                                
0.01 0.42 1 3
0.02 0.61 1 8
0.03 0.65 2 10
0.04 0.59 6 10
0.05 0.5833 10 10
0.06 0.5767 14 10
0.07 0.57 15 11
0.08 0.59 16 12
0.09 0.6 18 12
0.1 0.6 19 12
0.11 0.69 20 13
0.12 0.72 21 14
0.13 0.71 23 14
0.14 0.6767 24 14
0.15 0.6433 30 14
0.16 0.6655 29 14
0.17 0.6878 29 14
0.18 0.71 29 15
0.19 0.77 29 16
0.2 0.79 30 16
0.21 0.82 31 16
0.22 0.85 31 16
0.23 0.88 34 17
0.24 0.91 35 17
0.25 0.97 36 17
0.26 1 36 17
0.27 1.07 35 18
0.28 1.42 33 19
0.29 1.84 28 22
0.3 2.03 27 24
0.31 2.92 27.3 29
0.32 3.36 27.7 33
0.33 3.2 28 52
0.34 3.21 27 52
0.35 3.39 29 53
0.36 3.48 32 54
0.37 3.68 40 55
0.38 4.17 42.7 56
0.39 3.96 45.3 56
0.4 3.94 48 56
0.41 3.58 57 55
0.42 3.43 79 54
0.43 3.3 87 53
0.44 3.33 88 53
0.45 3.21 88 53
0.46 3.24 90 53
0.47 2.99 89.7 53
0.48 2.9033 89.3 52
0.49 2.8167 89 51
0.5 2.73 89 51
0.51 2.69 86 50
0.52 2.92 88 50
0.53 2.99 88 49
0.54 3.1 88 50
0.55 3.0233 106 49
0.56 2.9467 109 49
0.57 2.87 111 49
0.58 2.87 111 49
0.59 2.91 112 49
0.6 2.86 114 49
0.61 2.86 115 49
0.62 3 111 49
0.63 3.2 119.7 49
0.64 3.56 128.3 49
0.65 4.3 137 49
0.66 5.13 154 48
0.67 5.82 147 47
0.68 5.61 144 49
0.69 5.46 160.7 53
0.7 5.55 177.3 55
0.71 5.82 194 56
0.72 5.8 171 56
0.73 5.71 152 56
0.74 5.5 139 55
0.75 5.24 129 55
0.76 4.83 120 55
0.77 4.55 117 54
0.78 4.24 114 54
0.79 3.95 110 53
0.8 3.67 109 53
0.81 3.29 106 52
0.82 3.05 113 51
0.83 2.79 96 50
0.84 2.54 64 49
0.85 2.37 63 48
0.86 2.09 62 46
0.87 2.01 61 46
0.88 1.97 62 45
0.89 2.01 63 45
0.9 2.13 63 46
0.91 2.29 62 46
0.92 2.41 59 47
0.93 2.4 57 47
0.94 2.38 57 47
0.95 2.34 56 46
0.96 2.31 53 46
0.97 2.25 50 46
0.98 2.2 45 46
0.99 2.17 41 45
1 2.14 37 45
1.01 2.09 32 45
1.02 2.06 28 45
1.03 2.03 24 45
1.04 2 21 44
1.05 1.97 18 44
1.06 1.94 16 44
1.07 1.87 15.7 44
1.08 1.81 15.3 43
1.09 1.74 15 43
1.1 1.68 16 43
1.11 1.58 20 42
1.12 1.51 24 42
1.13 1.46 28 41
1.14 1.4 30 41
1.15 1.37 32 41
1.16 1.36 33 41
1.17 1.37 33 41
1.18 1.38 34 41
1.19 1.38 36 41
1.2 1.4 38 41
1.21 1.4 43 41
1.22 1.4 46 41
1.23 1.41 49 41
1.24 1.42 50 41
1.25 1.43 52 41
1.26 1.43 55 41
1.27 1.44 56 41
1.28 1.43 58 41
1.29 1.43 60 40
1.3 1.42 62 40
1.31 1.4 63 40
1.32 1.41 68 40
1.33 1.38 66 40
1.34 1.34 67 40
1.35 1.28 69 39
1.36 1.25 70 39
1.37 1.21 72 38
1.38 1.18 75 38
1.39 1.15 78 38
1.4 1.12 79 37
1.41 1.13 79 37
1.42 1.15 79 37
1.43 1.23 79 37
1.44 1.29 80 38
1.45 1.34 82 38
1.46 1.39 82 38
1.47 1.43 81 38
1.48 1.47 77 38
1.49 1.48 74 38
1.5 1.47 72 37
1.51 1.48 70 37
1.52 1.51 67 37
1.53 1.55 62 37
1.54 1.57 58 37
1.55 1.58 55 37
1.56 1.56 53 37
1.57 1.52 50 37
1.58 1.47 46 37
1.59 1.39 36 36
1.6 1.37 29 36
1.61 1.36 24 36
1.62 1.35 20 36
1.63 1.35 17 36
1.64 1.34 15 36
1.65 1.35 14 36
1.66 1.36 13 36
1.67 1.39 13.3 36
1.68 1.47 13.7 37
1.69 1.53 14 37
1.7 1.57 17 37
1.71 1.59 21 37
1.72 1.6 24 37
1.73 1.58 26 37
1.74 1.54 24 37
1.75 1.55 22 37
1.76 1.59 21.7 37
1.77 1.71 21.3 37
1.78 1.85 21 38
1.79 1.88 24 38
1.8 1.89 25 38
1.81 1.87 23 38
1.82 1.85 20 38
1.83 1.84 17 38
1.84 1.86 13 38
1.85 1.88 13 38
1.86 1.91 13 38
1.87 1.97 13 38
1.88 2.05 14 39
1.89 2.19 17 39
1.9 2.29 21 40
1.91 2.32 23 40
1.92 2.33 24 40
1.93 2.32 23 40
1.94 2.29 21 40
1.95 2.27 19 39
1.96 2.25 18 39
1.97 2.27 17 39
1.98 2.31 15 40
1.99 2.34 15 40
2 2.38 15 40
2.01 2.46 15 40
2.02 2.46 17 40
2.03 2.4 17.3 40
2.04 2.37 17.7 40
2.05 2.32 18 39
2.06 2.34 20 39
2.07 2.37 21 39
2.08 2.41 23 39
2.09 2.46 24 39
2.1 2.5 25 39
2.11 2.55 27 40
2.12 2.62 29 40
2.13 2.67 29 40
2.14 2.69 29 40
2.15 2.7 30 40
2.16 2.69 32 40
2.17 2.66 33 40
2.18 2.65 36 40
2.19 2.62 38 40
2.2 2.61 39 40
2.21 2.57 39 40
2.22 2.54 38 39
2.23 2.5 39 39
2.24 2.48 40 39
2.25 2.43 38 39
2.26 2.36 37 38
2.27 2.26 37 38
2.28 2.1 37 37
2.29 2 36 37
2.3 1.91 34 37
2.31 1.8 28 43
2.32 1.76 27 42
2.33 1.71 28 42
2.34 1.67 29 42
2.35 1.65 27.7 41
2.36 1.67 26.3 42
2.37 1.68 25 41
2.38 1.7 26 41
2.39 1.72 26 41
2.4 1.74 25 41
2.41 1.75 25 41
2.42 1.77 25 41
2.43 1.78 24 41
2.44 1.78 23 41
2.45 1.8 21 41
2.46 1.84 20 41
2.47 1.85 21 41
2.48 1.87 21 41
2.49 1.86 20 42
2.5 1.83 22 41
2.51 1.79 23 41
2.52 1.78 24 41
2.53 1.8 25 41
2.54 1.85 24 41
2.55 2.01 23 42
2.56 2.12 28 42
2.57 2.42 35 43
2.58 2.74 43 45
2.59 2.82 50 45
2.6 2.91 52 46
2.61 2.85 52.7 46
2.62 2.71 53.3 46
2.63 2.35 54 45
2.64 1.94 54 44
2.65 1.9133 56 43
2.66 1.8867 53 42
2.67 1.86 45 42
2.68 1.89 42 42
2.69 1.93 41 42
2.7 2.16 41 43
2.71 2.48 41 44
2.72 2.52 42 45
2.73 2.39 46 45
2.74 2.11 50 44
2.75 1.92 46 43
2.76 1.89 41 43
2.77 1.87 36 43
2.78 1.84 30 43
2.79 1.81 26 43
2.8 1.77 22 43
2.81 1.71 16 42
2.82 1.71 14 42
2.83 1.72 13 42
2.84 1.62 13 42
2.85 1.59 13 42
2.86 1.58 13 42
2.87 1.56 14 42
2.88 1.57 16.3 42
2.89 1.62 18.7 42
2.9 1.72 21 42
2.91 1.73 23 42
2.92 1.74 24 42
2.93 1.77 24 42
2.94 1.81 22 42
2.95 1.85 19 42
2.96 1.88 17 42
2.97 1.89 13 42
2.98 1.84 10 42
2.99 1.83 9 42
3 1.83 9 42
3.01 1.82 9 42
3.02 1.8 10 42
3.03 1.8 11 42
3.04 1.76 12 42
3.05 1.75 13 42
3.06 1.79 14 42
3.07 1.81 17 42
3.08 1.81 17 42
3.09 1.81 18 43
3.1 1.81 18 43
3.11 1.8 18 42
3.12 1.8 17 42
3.13 1.77 16 42
3.14 1.76 15 42
3.15 1.75 13 42
3.16 1.75 12 43
3.17 1.76 12 43
3.18 1.78 12 43
3.19 1.79 12 43
3.2 1.81 12 43
3.21 1.83 13 43
3.22 1.83 14 43
3.23 1.81 15 43
3.24 1.76 15 43
3.25 1.7 15 43
3.26 1.62 15 42
3.27 1.51 14 42
3.28 1.45 14.7 42
3.29 1.39 15.3 42
3.3 1.38 16 42
3.31 1.37 16 42
3.32 1.39 16 42
3.33 1.44 19 42
3.34 1.45 21 42
3.35 1.49 23 42
3.36 1.6 24 43
3.37 1.97 23 44
3.38 2.29 24 46
3.39 2.62 27 47
3.4 2.91 29 48
3.41 3.32 30 49
3.42 3.46 29 50
3.43 3.55 26 50
3.44 3.58 23 50
3.45 3.57 21 50
3.46 3.54 19 50
3.47 3.48 16 50
3.48 3.45 15 50
3.49 3.44 15 50
3.5 3.42 15 50
3.51 3.4 16 50
3.52 3.37 17 50
3.53 3.35 17 50
3.54 3.32 19 50
3.55 3.29 21 49
3.56 3.23 23 49
3.57 3.14 26 49
3.58 3.09 27 49
3.59 3.05 28 49
3.6 3.03 29 49
3.61 3.01 29 49
3.62 2.95 30 49
3.63 2.89 31 48
3.64 2.85 32 48
3.65 2.78 32 48
3.66 2.71 32 48
3.67 2.61 31 47
3.68 2.54 31 47
3.69 2.5 31 47
3.7 2.46 32 47
3.71 2.45 33 47
3.72 2.47 34 47
3.73 2.51 35 47
3.74 2.55 36 47
3.75 2.6 36 47
3.76 2.66 36 47
3.77 2.75 35 48
3.78 2.8 35 48
3.79 2.82 33 48
3.8 2.84 31 48
3.81 2.85 29 48
3.82 2.83 25 48
3.83 2.83 24 48
3.84 2.83 23 48
3.85 2.85 23 48
3.86 2.9 23 48
3.87 3.01 24 49
3.88 3.08 26 49
3.89 3.13 27 49
3.9 3.15 29 49
3.91 3.14 32 49
3.92 3.04 32 49
3.93 2.92 30 48
3.94 2.8 28 48
3.95 2.68 25 48
3.96 2.57 22 47
3.97 2.45 18 47
3.98 2.39 17.7 47
3.99 2.36 17.3 47
4 2.36 17 47
4.01 2.38 19 47
4.02 2.43 24 47
4.03 2.44 26 47
4.04 2.46 28 47
4.05 2.48 31 47
4.06 2.5 32 47
4.07 2.56 32 47
4.08 2.59 34 47
4.09 2.62 36 47
4.1 2.63 38 47
4.11 2.58 39 47
4.12 2.43 37 47
4.13 2.31 36 46
4.14 2.16 35 46
4.15 2.03 33 45
4.16 1.94 31 44
4.17 1.9 28 44
4.18 1.93 27 44
4.19 2 27 44
4.2 2.04 29 44
4.21 2.04 31 44
4.22 2.03 31 44
4.23 1.99 26 44
4.24 1.96 22 44
4.25 1.91 18 44
4.26 1.87 20.7 44
4.27 1.84 23.3 44
4.28 1.84 26 48
4.29 1.84 27 47
4.3 1.9 29 47
4.31 2.1 31 47
4.32 2.62 37 49
4.33 3.13 42 51
4.34 3.32 44 52
4.35 3.43 44 52
4.36 3.5 41 52
4.37 3.54 39 52
4.38 3.52 32 52
4.39 3.49 27 52
4.4 3.42 23 52
4.41 3.33 21 51
4.42 3.23 20 51
4.43 3.04 19 51
4.44 2.91 19 50
4.45 2.76 19 50
4.46 2.72 20 50
4.47 2.7 21 50
4.48 2.7 24 50
4.49 2.67 28 50
4.5 2.6 32 49
4.51 2.5 34 49
4.52 2.41 34 48
4.53 2.29 34 48
4.54 2.2 34 47
4.55 2.09 35 47
4.56 1.96 37 46
4.57 1.75 39 45
4.58 1.59 38 44
4.59 1.54 38 43
4.6 1.54 38 43
4.61 1.59 40 44
4.62 1.66 44 44
4.63 1.76 49 44
4.64 1.78 51 44
4.65 1.74 51 44
4.66 1.68 50 44
4.67 1.64 48 43
4.68 1.64 46 43
4.69 1.74 46 44
4.7 1.88 48 44
4.71 2.05 51 45
4.72 2.25 52 45
4.73 2.49 53 46
4.74 2.56 51 47
4.75 2.58 49 47
4.76 2.58 47 47
4.77 2.57 45 46
4.78 2.55 41 46
4.79 2.52 35 46
4.8 2.54 34.7 46
4.81 2.61 34.3 46
4.82 2.65 34 47
4.83 2.61 34 46
4.84 2.52 34 46
4.85 2.4 33 46
4.86 2.27 31 45
4.87 2.15 29 45
4.88 1.98 29 44
4.89 1.83 29 43
4.9 1.69 29 43
4.91 1.57 30 42
4.92 1.38 31 41
4.93 1.3 32 40
4.94 1.22 32 40
4.95 1.15 32 40
4.96 1.06 30 39
4.97 0.99 29 39
4.98 0.93 28 38
4.99 0.9 27 38
5 0.9 26 38
5.01 0.87 24 38
5.02 0.88 23 38
5.03 0.9 22 38
5.04 0.93 22 39
5.05 1 23 39
5.06 1.08 25 40
5.07 1.21 30 40
5.08 1.3 33 41
5.09 1.45 35 42
5.1 1.54 38 42
5.11 1.68 41 43
5.12 1.8 43 43
5.13 1.89 45 44
5.14 1.92 47 44
5.15 1.9 47 43
5.16 1.84 47 43
5.17 1.79 46 43
5.18 1.81 46 43
5.19 1.93 48 43
5.2 2.13 52 44
5.21 2.37 55 44
5.22 2.62 60 46
5.23 2.67 60 46
5.24 2.67 58 46
5.25 2.65 55 45
5.26 2.58 47 45
5.27 2.3 42.7 52
5.28 2.21 38.3 51
5.29 2.11 34 51
5.3 1.94 34 49
5.31 1.85 33 49
5.32 1.78 33 48
5.33 1.71 33 47
5.34 1.65 32 46
5.35 1.59 34 46
5.36 1.54 36 45
5.37 1.52 37 45
5.38 1.5 37.3 45
5.39 1.5 37.7 45
5.4 1.53 38 45
5.41 1.56 40 45
5.42 1.56 41 44
5.43 1.56 40 44
5.44 1.56 39 44
5.45 1.59 38 44
5.46 1.63 38 44
5.47 1.68 41 44
5.48 1.7 42 44
5.49 1.71 43 44
5.5 1.69 44 44
5.51 1.68 44 44
5.52 1.7 45 43
5.53 1.74 46 43
5.54 1.78 47 43
5.55 1.8 47 43
5.56 1.81 47 43
5.57 1.85 47 43
5.58 1.88 46 43
5.59 1.91 46 43
5.6 1.92 45 43
5.61 1.92 44 43
5.62 1.95 43 43
5.63 2.02 43 43
5.64 2.1 42 44
5.65 2.15 41 44
5.66 2.21 40 44
5.67 2.26 38 44
5.68 2.3 35 44
5.69 2.29 31 44
5.7 2.16 28 44
5.71 2 26 44
5.72 1.83 23 43
5.73 1.65 20 42
5.74 1.36 18.7 41
5.75 1.24 17.3 41
5.76 1.14 18.2 40
5.77 1.05 19.1 40
5.78 1.0367 20 39
5.79 1.0233 23 39
5.8 1.01 25 40
5.81 1.27 27 41
5.82 1.7 29 43
5.83 2.23 33 46
5.84 2.74 36 48
5.85 3.5 37 51
5.86 3.71 37 51
5.87 3.85 37 52
5.88 3.93 35 52
5.89 3.98 30 52
5.9 3.97 26 52
5.91 3.95 23 52
5.92 3.93 22 52
5.93 3.9 22 52
5.94 3.83 22 52
5.95 3.79 23 52
5.96 3.74 25 52
5.97 3.72 26 52
5.98 3.71 27 52
5.99 3.69 28 52
6 3.69 30 52
6.01 3.68 32 52
6.02 3.65 33 52
6.03 3.62 35 52
6.04 3.56 36 51
6.05 3.46 35 51
6.06 3.37 35 51
6.07 3.28 34 51
6.08 3.13 34 50
6.09 3 34 50
6.1 2.92 34 50
6.11 2.85 34 50
6.12 2.78 33 49
6.13 2.69 32 49
6.14 2.65 32 49
6.15 2.64 33 49
6.16 2.65 33 49
6.17 2.71 33 49
6.18 2.79 34 50
6.19 2.97 34 50
6.2 3.07 33 50
6.21 3.18 33 51
6.22 3.27 33 51
6.23 3.34 34 51
6.24 3.42 34 51
6.25 3.39 34.3 50
6.26 3.4 34.7 50
6.27 3.31 35 50
6.28 3.24 35 50
6.29 3.16 34 50
6.3 3.14 34 50
6.31 3.15 34 50
6.32 3.17 35 50
6.33 3.19 35 50
6.34 3.22 37 50
6.35 3.25 37 50
6.36 3.26 36 50
6.37 3.26 35 50
6.38 3.25 34 50
6.39 3.12 32 49
6.4 3.02 31 49
6.41 2.89 30 49
6.42 2.73 30 48
6.43 2.56 30 48
6.44 2.35 32 47
6.45 2.23 34 47
6.46 2.13 36 46
6.47 2.05 39 46
6.48 1.99 43 46
6.49 1.91 47 46
6.5 1.89 49 46
6.51 1.9 49 46
6.52 1.97 48 46
6.53 2.01 47 47
6.54 2.01 46 47
6.55 1.97 43 47
6.56 1.92 40 46
6.57 1.89 36 46
6.58 1.86 32 46
6.59 1.82 28 46
6.6 1.79 27 46
6.61 1.76 27 46
6.62 1.74 26 46
6.63 1.74 25 46
6.64 1.77 25.3 47
6.65 1.8 25.7 47
6.66 1.84 26 47
6.67 1.84 27 47
6.68 1.82 27 47
6.69 1.8 27 47
6.7 1.79 27 47
6.71 1.77 27 47
6.72 1.74 26 47
6.73 1.71 24 47
6.74 1.72 23 47
6.75 1.75 22 48
6.76 1.8 22 48
6.77 1.84 22 48
6.78 1.82 24 48
6.79 1.73 24 48
6.8 1.65 22 48
6.81 1.59 22 47
6.82 1.58 22 47
6.83 1.82 22 48
6.84 2.04 24 49
6.85 2.27 26 50
6.86 2.49 29 51
6.87 2.7 30 51
6.88 3.03 30 52
6.89 3.23 30 52
6.9 3.4 28 53
6.91 3.52 28 53
6.92 3.62 27 53
6.93 3.66 25 53
6.94 3.69 24 53
6.95 3.69 23 53
6.96 3.67 23 53
6.97 3.65 24 54
6.98 3.63 25 53
6.99 3.61 28 53
7 3.63 30 54
7.01 3.67 32 54
7.02 3.74 35 54
7.03 3.86 38 54
7.04 3.97 39 54
7.05 4.09 39 55
7.06 4.21 38 55
7.07 4.31 36 55
7.08 4.41 31 55
7.09 4.45 29 55
7.1 4.49 27 55
7.11 4.53 26 55
7.12 4.58 26 55
7.13 4.67 25 55
7.14 4.88 25 56
7.15 5.05 25 56
7.16 5.25 25 57
7.17 5.44 26 58
7.18 5.56 26 58
7.19 5.61 27 59
7.2 5.61 28 59
7.21 5.6 29 59
7.22 5.61 30 59
7.23 5.62 31 59
7.24 5.34 31.7 59
7.25 6.52 32.3 64
7.26 6.82 33 65
7.27 7.08 34 66
7.28 7.36 35 67
7.29 7.68 38 68
7.3 8.29 42 70
7.31 8.76 44 71
7.32 9.23 46 73
7.33 9.67 48 75
7.34 10.09 49 76
7.35 10.64 51 78
7.36 10.94 52 79
7.37 11.22 53 79
7.38 11.45 53 80
7.39 11.61 53 81
7.4 11.73 54 81
7.41 11.86 56 82
7.42 11.97 57 82
7.43 12.07 59 82
7.44 12.17 61 83
7.45 12.26 63 83
7.46 12.36 66 84
7.47 12.42 67 84
7.48 12.5 68 84
7.49 12.59 68 84
7.5 12.69 67 85
7.51 12.82 67 85
7.52 12.9 67 86
7.53 12.98 67 86
7.54 13.07 67 86
7.55 13.13 66 87
7.56 13.19 66 87
7.57 13.23 67 87
7.58 13.27 67 88
7.59 13.3 68 88
7.6 13.34 68 88
7.61 13.37 69 89
7.62 13.38 70 89
7.63 13.4 70 89
7.64 13.4 71 89
7.65 13.4 71 89
7.66 13.4 72 90
7.67 13.39 73 90
7.68 13.4 74 90
7.69 13.4 74 90
7.7 13.38 75 90
7.71 13.38 77 91
7.72 13.37 78 91
7.73 13.37 79 91
7.74 13.37 80 91
7.75 13.36 81 92
7.76 13.34 81 92
7.77 13.31 82 92
7.78 13.28 82 92
7.79 13.24 82 92
7.8 13.19 82 93
7.81 13.13 82 93
7.82 13.06 82 93
7.83 13.02 81 93
7.84 13.02 80 93
7.85 13.04 79 93
7.86 13.1 77 94
7.87 13.15 75 94
7.88 13.17 75 94
7.89 13.19 74 94
7.9 13.18 74 95
7.91 13.17 73 95
7.92 13.16 73 95
7.93 13.13 73 95
7.94 13.12 74 95
7.95 13.11 74 95
7.96 13.1 75 95
7.97 13.08 76 96
7.98 13.08 77 96
7.99 13.07 79 96
8 13.06 79 96
8.01 13.07 80 96
8.02 13.06 80 96
8.03 13.08 81 97
8.04 13.09 81 97
8.05 13.1 81 97
8.06 13.12 81 97
8.07 13.13 81 97
8.08 13.13 81 97
8.09 13.13 81 97
8.1 13.14 81 98
8.11 13.16 81 98
8.12 13.18 80 98
8.13 13.22 80 98
8.14 13.25 79 98
8.15 13.29 79 98
8.16 13.31 79 98
8.17 13.34 79 99
8.18 13.35 79 99
8.19 13.37 79 99
8.2 13.39 80 99
8.21 13.41 80 99
8.22 13.43 80 99
8.23 13.32 78.7 93
8.24 13.38 77.3 93
8.25 13.41 76 93
8.26 13.44 77 93
8.27 13.47 78 93
8.28 13.49 79 93
8.29 13.51 80 93
8.3 13.53 80 93
8.31 13.54 80 93
8.32 13.52 80 93
8.33 13.51 80 93
8.34 13.49 80 93
8.35 13.48 80 93
8.36 13.45 80 93
8.37 13.4 81 93
8.38 13.36 81 93
8.39 13.31 81 93
8.4 13.28 81 93
8.41 13.23 80 93
8.42 13.18 80 92
8.43 13.1 80 92
8.44 13.03 79 92
8.45 12.95 79 92
8.46 12.86 79 92
8.47 12.72 79 92
8.48 12.62 79 92
8.49 12.52 80 92
8.5 12.43 80 92
8.51 12.35 80 92
8.52 12.26 79 92
8.53 12.14 79 92
8.54 12.04 80 91
8.55 11.94 80 91
8.56 11.79 80 91
8.57 11.72 80 91
8.58 11.63 80 91
8.59 11.57 80 91
8.6 11.52 80 91
8.61 11.45 80 91
8.62 11.38 80 91
8.63 11.25 80 91
8.64 11.18 79 91
8.65 11.1 80 90
8.66 11.01 80 90
8.67 10.89 80 90
8.68 10.66 81 90
8.69 10.51 82 90
8.7 10.35 82 89
8.71 10.22 82 89
8.72 10.06 82 89
8.73 9.95 81 89
8.74 9.89 80 89
8.75 9.85 80 89
8.76 9.83 79 89
8.77 9.84 78 89
8.78 9.87 77 89
8.79 9.93 76 89
8.8 10 74 89
8.81 10.09 73 89
8.82 10.18 71 89
8.83 10.28 69 89
8.84 10.33 69 89
8.85 10.34 68 89
8.86 10.33 67 89
8.87 10.35 65 89
8.88 10.32 66 89
8.89 10.26 67 89
8.9 10.16 69 89
8.91 10.07 71 89
8.92 9.94 73 88
8.93 9.88 74 88
8.94 9.82 73 88
8.95 9.7 73 88
8.96 9.62 73 88
8.97 9.49 75 88
8.98 9.43 74 87
8.99 9.38 74 87
9 9.34 73 87
9.01 9.33 73 87
9.02 9.36 71 87
9.03 9.42 70 87
9.04 9.48 69 87
9.05 9.55 68 87
9.06 9.67 69 87
9.07 9.84 67 87
9.08 10 64 88
9.09 10.17 61 88
9.1 10.32 60 88
9.11 10.41 59 88
9.12 10.4 60 88
9.13 10.34 61 88
9.14 10.25 63 88
9.15 10.14 64 87
9.16 10 66 87
9.17 9.9 68 87
9.18 9.85 69 87
9.19 9.81 70 87
9.2 9.77 70 87
9.21 9.35 68.3 78
9.22 9.36 66.7 78
9.23 9.32 65 78
9.24 9.28 65 78
9.25 9.28 65 78
9.26 9.31 65 78
9.27 9.36 64 78
9.28 9.41 64 78
9.29 9.46 64 78
9.3 9.57 63 78
9.31 9.67 62 78
9.32 9.82 62 78
9.33 9.9 63 78
9.34 9.97 64 78
9.35 10.06 64 78
9.36 10.13 65 78
9.37 10.27 65 79
9.38 10.35 66 79
9.39 10.44 67 79
9.4 10.51 68 79
9.41 10.56 69 79
9.42 10.56 71 79
9.43 10.57 72 79
9.44 10.61 73 79
9.45 10.66 72 79
9.46 10.69 72 79
9.47 10.64 72 79
9.48 10.56 73 79
9.49 10.45 75 79
9.5 10.32 76 79
9.51 10.16 78 79
9.52 10.07 78 79
9.53 10.05 78 79
9.54 10.03 77 79
9.55 10.02 77 79
9.56 10.03 77 79
9.57 10.04 79 79
9.58 10.06 80 79
9.59 10.09 81 79
9.6 10.12 81 79
9.61 10.24 76 79
9.62 10.33 73 79
9.63 10.43 70 79
9.64 10.5 70 79
9.65 10.51 71 79
9.66 10.51 73 79
9.67 10.54 74 79
9.68 10.55 74 79
9.69 10.59 75 80
9.7 10.61 75 80
9.71 10.63 76 80
9.72 10.72 76 80
9.73 10.83 74 80
9.74 11 72 80
9.75 11.18 70 81
9.76 11.43 71 81
9.77 11.53 72 81
9.78 11.59 73 81
9.79 11.61 72 81
9.8 11.6 72 81
9.81 11.6 72 82
9.82 11.6 74 82
9.83 11.55 77 82
9.84 11.51 78 82
9.85 11.47 79 82
9.86 11.39 81 82
9.87 11.34 83 82
9.88 11.28 84 82
9.89 11.22 86 82
9.9 11.15 87 82
9.91 11.08 87 82
9.92 10.97 86 82
9.93 10.88 85 82
9.94 10.75 84 82
9.95 10.67 84 82
9.96 10.55 83 81
9.97 10.49 82 81
9.98 10.46 81 81
9.99 10.46 79 82
10 10.5 77 82
10.01 10.63 75 82
10.02 10.75 73 82
10.03 10.89 72 82
10.04 11.02 70 82
10.05 11.18 68 83
10.06 11.33 68 83
10.07 11.44 68 83
10.08 11.53 67 83
10.09 11.58 68 83
10.1 11.63 68 83
10.11 11.71 70 84
10.12 11.76 71 84
10.13 11.83 72 84
10.14 11.9 74 84
10.15 12 77 84
10.16 12.01 79 84
10.17 11.99 80 84
10.18 11.92 82 84
10.19 11.82 85 84
10.2 11.14 82 82
10.21 11.05 84 82
10.22 10.95 85 81
10.23 10.88 87 81
10.24 10.85 89 81
10.25 10.86 91 81
10.26 10.98 91 81
10.27 11.12 90 81
10.28 11.27 89 81
10.29 11.4 88 82
10.3 11.51 87 82
10.31 11.63 84 82
10.32 11.65 83 82
10.33 11.65 82 82
10.34 11.64 81 82
10.35 11.6 79 82
10.36 11.58 78 82
10.37 11.58 77 82
10.38 11.57 77 82
10.39 11.58 77 82
10.4 11.6 78 82
10.41 11.61 78 82
10.42 11.61 79 82
10.43 11.59 80 82
10.44 11.52 80 82
10.45 11.4 79 82
10.46 11.31 79 82
10.47 11.19 79 82
10.48 11.1 80 82
10.49 11.01 81 82
10.5 10.88 82 82
10.51 10.85 82 82
10.52 10.83 82 82
10.53 10.87 82 82
10.54 10.92 82 82
10.55 11.05 82 82
10.56 11.14 82 82
10.57 11.23 82 82
10.58 11.36 82 82
10.59 11.43 81 83
10.6 11.51 80 83
10.61 11.52 80 83
10.62 11.52 79 83
10.63 11.51 79 83
10.64 11.48 79 83
10.65 11.39 79 83
10.66 11.3 80 83
10.67 11.19 81 83
10.68 11.09 81 83
10.69 11.01 82 83
10.7 10.95 82 83
10.71 10.96 82 83
10.72 10.97 81 83
10.73 11.01 82 83
10.74 11.05 83 83
10.75 11.13 82 83
10.76 11.21 81 83
10.77 11.29 80 83
10.78 11.35 79 84
10.79 11.34 79 84
10.8 11.32 78 84
10.81 11.26 79 84
10.82 11.23 79 84
10.83 11.24 80 84
10.84 11.31 80 84
10.85 11.53 81 84
10.86 11.74 81 85
10.87 12.04 80 85
10.88 12.18 80 85
10.89 12.27 80 85
10.9 12.33 79 86
10.91 12.32 80 86
10.92 12.29 80 86
10.93 12.26 80 86
10.94 12.23 80 86
10.95 12.17 81 86
10.96 12.13 83 86
10.97 12.1 84 86
10.98 12.06 85 86
10.99 12.01 86 86
11 11.95 88 86
11.01 11.91 88 86
11.02 11.88 89 86
11.03 11.85 89 86
11.04 11.83 89 86
11.05 11.78 88 86
11.06 11.74 87 86
11.07 11.69 87 86
11.08 11.66 87 86
11.09 11.65 86 86
11.1 11.66 85 86
11.11 11.71 84 86
11.12 11.74 84 87
11.13 11.79 83 87
11.14 11.83 83 87
11.15 11.89 83 87
11.16 12.02 84 87
11.17 12.22 85 87
11.18 12.4 85 87
11.19 12.48 73 86
11.2 12.76 73 87
11.21 12.94 73 87
11.22 13.02 74 87
11.23 13.11 75 87
11.24 13.15 76 87
11.25 13.2 77 87
11.26 13.29 79 88
11.27 13.39 80 88
11.28 13.49 82 88
11.29 13.59 83 88
11.3 13.67 84 88
11.31 13.75 85 88
11.32 13.82 86 88
11.33 13.83 87 88
11.34 13.74 88 88
11.35 13.66 89 88
11.36 13.54 90 88
11.37 13.48 90 88
11.38 13.44 90 88
11.39 13.41 90 88
11.4 13.39 91 88
11.41 13.36 91 88
11.42 13.34 91 88
11.43 13.32 92 88
11.44 13.3 92 89
11.45 13.28 91 89
11.46 13.28 90 89
11.47 13.27 90 89
11.48 13.28 89 89
11.49 13.27 89 89
11.5 13.25 89 89
11.51 13.23 89 89
11.52 13.22 89 89
11.53 13.2 89 89
11.54 13.21 90 89
11.55 13.22 90 89
11.56 13.33 91 90
11.57 13.44 91 90
11.58 13.56 92 90
11.59 13.69 92 90
11.6 13.82 92 91
11.61 14.04 92 91
11.62 14.15 92 91
11.63 14.25 92 91
11.64 14.35 91 92
11.65 14.43 90 92
11.66 14.56 90 92
11.67 14.73 89 92
11.68 14.82 89 93
11.69 14.88 89 93
11.7 14.91 89 93
11.71 14.87 89 93
11.72 14.81 90 93
11.73 14.73 91 93
11.74 14.65 92 93
11.75 14.62 93 94
11.76 14.6 93 94
11.77 14.57 94 94
11.78 14.57 94 94
11.79 14.54 94 94
11.8 14.49 94 94
11.81 14.28 93 94
11.82 14.09 90 94
11.83 13.93 88 94
11.84 13.75 86 94
11.85 13.56 85 94
11.86 13.44 84 94
11.87 13.34 81 94
11.88 13.36 82 94
11.89 13.4 82 94
11.9 13.39 81 95
11.91 13.32 82 95
11.92 13.26 83 95
11.93 13.17 83 95
11.94 13.09 84 95
11.95 12.98 84 95
11.96 12.88 84 95
11.97 12.74 84 95
11.98 12.64 84 95
11.99 12.56 84 95
12 12.49 84 95
12.01 12.49 85 95
12.02 12.51 85 95
12.03 12.56 85 95
12.04 12.65 84 95
12.05 12.71 85 95
12.06 12.8 85 96
12.07 12.85 85 96
12.08 12.89 85 96
12.09 12.91 85 96
12.1 12.93 84 96
12.11 12.95 83 96
12.12 12.95 83 96
12.13 12.92 83 96
12.14 12.89 83 96
12.15 12.85 83 96
12.16 12.74 84 96
12.17 12.66 84 96
12.18 12.55 75 93
12.19 12.44 74 93
12.2 12.33 73 93
12.21 12.3 73 93
12.22 12.27 73 93
12.23 12.24 72 93
12.24 12.22 72 93
12.25 12.21 71 93
12.26 12.2 70 93
12.27 12.2 69 93
12.28 12.16 69 93
12.29 12.1 68 93
12.3 12.05 68 93
12.31 11.96 70 93
12.32 11.86 72 93
12.33 11.79 73 93
12.34 11.73 74 93
12.35 11.68 75 92
12.36 11.64 76 92
12.37 11.6 77 92
12.38 11.58 79 92
12.39 11.56 79 92
12.4 11.55 80 92
12.41 11.56 80 92
12.42 11.59 80 93
12.43 11.6 80 93
12.44 11.63 80 93
12.45 11.66 80 93
12.46 11.69 80 93
12.47 11.73 80 93
12.48 11.82 80 93
12.49 11.94 80 93
12.5 12.04 80 93
12.51 12.15 80 94
12.52 12.27 80 94
12.53 12.32 80 94
12.54 12.35 80 94
12.55 12.34 79 94
12.56 12.33 79 94
12.57 12.3 77 94
12.58 12.24 76 94
12.59 12.13 76 94
12.6 11.94 76 94
12.61 11.72 77 94
12.62 11.47 78 94
12.63 11.12 81 93
12.64 10.9 82 93
12.65 10.7 84 93
12.66 10.51 87 93
12.67 10.3 91 92
12.68 9.96 93 92
12.69 9.83 95 92
12.7 9.84 96 92
12.71 9.94 97 92
12.72 10.25 100 92
12.73 10.41 101 93
12.74 10.45 101 93
12.75 10.45 100 93
12.76 10.36 98 93
12.77 10.26 94 93
12.78 10.19 92 93
12.79 10.14 88 92
12.8 10.09 85 92
12.81 10.04 83 92
12.82 9.97 80 92
12.83 9.94 78 92
12.84 9.9 77 92
12.85 9.88 76 92
12.86 9.87 75 92
12.87 9.84 74 92
12.88 9.83 74 92
12.89 9.82 74 92
12.9 9.8 76 92
12.91 9.78 77 92
12.92 9.76 78 92
12.93 9.73 79 92
12.94 9.72 79 92
12.95 9.72 80 92
12.96 9.71 81 92
12.97 9.71 82 92
12.98 9.74 83 92
12.99 9.74 84 92
13 9.75 84 92
13.01 9.76 86 92
13.02 9.76 87 93
13.03 9.77 87 93
13.04 9.76 88 93
13.05 9.77 88 93
13.06 9.76 88 93
13.07 9.77 89 93
13.08 9.79 89 93
13.09 9.82 89 93
13.1 9.84 88 93
13.11 9.86 88 93
13.12 9.89 87 93
13.13 9.9 87 93
13.14 9.9 87 93
13.15 9.89 87 93
13.16 9.87 88 93
13.17 9.64 85 93
13.18 9.52 82 93
13.19 9.56 79 93
13.2 9.54 76 93
13.21 9.51 76 93
13.22 9.47 75 93
13.23 9.45 74 93
13.24 9.44 73 93
13.25 9.45 73 94
13.26 9.48 73 94
13.27 9.5 73 94
13.28 9.54 74 94
13.29 9.57 74 94
13.3 9.62 75 94
13.31 9.67 75 94
13.32 9.76 78 94
13.33 9.81 78 95
13.34 9.85 77 95
13.35 9.87 75 94
13.36 9.89 74 94
13.37 9.96 73 94
13.38 10.03 73 93
13.39 10.07 72 93
13.4 10.1 70 93
13.41 10.14 66 93
13.42 10.12 59 92
13.43 10.06 56 92
13.44 10.01 53 92
13.45 9.91 50 92
13.46 9.8 47 91
13.47 9.48 47 91
13.48 9.27 47 90
13.49 9.08 47 90
13.5 8.89 52 90
13.51 8.75 56 90
13.52 8.55 63 90
13.53 8.35 70 89
13.54 8.22 73 89
13.55 8.08 75 89
13.56 7.95 75 89
13.57 7.76 75 89
13.58 7.6 75 89
13.59 7.39 73 88
13.6 7.08 71 88
13.61 6.68 67 87
13.62 6.17 66 86
13.63 5.1 65 84
13.64 4.68 64 83
13.65 4.26 73 82
13.66 3.93 85 81
13.67 3.45 102 80
13.68 3.17 114 79
13.69 2.99 124 78
13.7 2.84 132 78
13.71 2.72 140 78
13.72 2.6767 162 78
13.73 2.6333 164 79
13.74 2.59 160 84
13.75 3.34 159 92
13.76 5.11 156 106
13.77 6.49 151 115
13.78 7.69 138 122
13.79 8.77 137.3 126
13.8 9.97 136.7 127
13.81 10.05 136 126
13.82 9.73 174 125
13.83 9.47 160 124
13.84 9.27 150 121
13.85 9.21 144 120
13.86 8.8 129 120
13.87 8.42 119 118
13.88 8.08 120 116
13.89 7.54 134.3 115
13.9 7.13 148.7 114
13.91 6.13 163 109
13.92 5.85 176 109
13.93 5.84 206 107
13.94 6.83 230 109
13.95 9.14 239 115
13.96 11.85 232 124
13.97 17 229 140
13.98 20.27 226 145
13.99 22.99 221 147
14 26.6 217 147
14.01 27.81 212 146
14.02 28.82 207 146
14.03 29.68 204 147
14.04 30.33 197 147
14.05 30.97 194 147
14.06 31.64 191 148
14.07 31.96 188 149
14.08 32.22 191 149
14.09 32.5 195 149
14.1 32.83 199 149
14.11 33.21 202 149
14.12 33.55 207 148
14.13 33.67 214 148
14.14 33.78 222 148
14.15 33.89 229 147
14.16 33.91 235 146
14.17 33.61 236.7 129
14.18 33.31 238.3 144
14.19 33.01 240 145
14.2 33.17 237 144
14.21 33.12 236 143
14.22 33.13 235 142
14.23 33.15 237 142
14.24 33.1 239 141
14.25 33.04 240 141
14.26 32.73 243 140
14.27 32.52 242 140
14.28 32.33 239 140
14.29 32.14 234 140
14.3 32.02 228 139
14.31 31.95 228 139
14.32 31.91 232 140
14.33 31.75 234 140
14.34 31.62 232 140
14.35 31.5 228 140
14.36 31.46 229 140
14.37 31.48 230 141
14.38 31.46 231 141
14.39 31.41 229 141
14.4 31.27 224 142
14.41 30.88 217 142
14.42 30.55 214 142
14.43 30.29 216 142
14.44 29.84 218 143
14.45 29.58 217 143
14.46 29.3 215 143
14.47 29.02 215 143
14.48 28.77 215 144
14.49 28.61 215 144
14.5 28.42 218 144
14.51 28.34 216 145
14.52 28.35 215 145
14.53 28.29 214 145
14.54 28.28 215 146
14.55 28.08 207 146
14.56 27.88 204 147
14.57 27.57 204 147
14.58 27.29 202 147
14.59 26.79 201 147
14.6 26.45 201 147
14.61 26.17 200 148
14.62 25.83 200 148
14.63 25.49 201 148
14.64 25.13 200 148
14.65 24.12 203 147
14.66 23.66 206 147
14.67 23.13 207 147
14.68 22.79 209 147
14.69 22.52 212 147
14.7 22.52 215 147
14.71 22.69 217 148
14.72 22.93 219 148
14.73 23.52 220 149
14.74 24.29 217 150
14.75 24.88 214 151
14.76 25.48 211 151
14.77 26.21 206 152
14.78 27.05 203 153
14.79 28.5 194 154
14.8 29.98 184 156
14.81 30.72 179 157
14.82 31.24 174 158
14.83 31.58 171 158
14.84 31.91 173 159
14.85 32.09 174 160
14.86 32.16 181 160
14.87 32.17 187 160
14.88 32.11 195 160
14.89 32.11 203 160
14.9 31.6 213 160
14.91 31.37 222 160