geom SARA_simplefault_loc
area2 AR-0002a 3 90 2 0 $gmm 72 0 20 $lmax $nref -66.371935 -27.350228 -66.339714 -27.313188 -66.311152 -27.291515 -66.273836 -27.278729 -66.198363 -27.216861 -66.135030 -27.134771 -66.121267 -27.105378 -66.108912 -27.057337 -66.099650 -26.986319 -66.072906 -26.898931
area2 AR-0015a 3 90 2 0 $gmm 52 0 20 $lmax $nref -69.233931 -30.078761 -69.241416 -30.320626
area2 AR-0016a 3 90 2 0 $gmm 52 0 20 $lmax $nref -69.104677 -30.254239 -69.131843 -30.311642
area2 AR-0016b 3 90 2 0 $gmm 37 0 20 $lmax $nref -69.169590 -30.429506 -69.130940 -30.339603
area2 AR-0016c 3 180 2 0 $gmm 72 0 20 $lmax $nref -69.256353 -31.070925 -69.224086 -30.890700 -69.224410 -30.825475 -69.202164 -30.767482 -69.198692 -30.644632 -69.190862 -30.622427 -69.204565 -30.529033 -69.231708 -30.496620
area2 AR-0017i 3 90 2 0 $gmm 20 0 20 $lmax $nref -68.975330 -31.052982 -68.997515 -31.133901 -69.069437 -31.230059
area2 AR-0018a 3 90 2 0 $gmm 72 0 20 $lmax $nref -68.754184 -31.106847 -68.762192 -31.150612 -68.778594 -31.181963
area2 AR-0019a 3 90 2 0 $gmm 52 0 20 $lmax $nref -68.873992 -31.830222 -68.904354 -31.679639
area2 AR-0020a 3 90 2 0 $gmm 72 0 20 $lmax $nref -68.646757 -31.444314 -68.611708 -31.375854 -68.581446 -31.336723 -68.539431 -31.198660 -68.544190 -31.168917 -68.520395 -31.048754 -68.506119 -31.013062
area2 AR-0022e 3 90 2 0 $gmm 37 0 20 $lmax $nref -68.647582 -31.903779 -68.618185 -31.867029 -68.604904 -31.832996 -68.598405 -31.784089 -68.617334 -31.693437
area2 AR-0023b 3 90 2 0 $gmm 37 0 20 $lmax $nref -68.757024 -32.196278 -68.739136 -32.171124 -68.712305 -32.104047 -68.631146 -31.976422 -68.606661 -31.906795 -68.575503 -31.852598
area2 AR-0024a 3 90 2 0 $gmm 20 0 20 $lmax $nref -68.691699 -32.242934 -68.688178 -32.196051 -68.671430 -32.135165 -68.642814 -32.097095 -68.586347 -32.018790 -68.585782 -31.996897 -68.568204 -31.967013
area2 AR-0024d 3 90 2 0 $gmm 20 0 20 $lmax $nref -68.647491 -32.169673 -68.636509 -32.124711
area2 AR-0025a 3 90 2 0 $gmm 37 0 20 $lmax $nref -67.970779 -31.761550 -67.919113 -31.725794 -67.876978 -31.602519 -67.851077 -31.580490
area2 AR-0027a 3 90 2 0 $gmm 52 0 20 $lmax $nref -67.456684 -31.427063 -67.495113 -31.326118 -67.502339 -31.281840 -67.535238 -31.184652 -67.555614 -31.160776
area2 AR-0027b 3 45 2 0 $gmm 72 0 20 $lmax $nref -67.365881 -31.595792 -67.400383 -31.554151 -67.401573 -31.527977 -67.445593 -31.439937
area2 AR-0028a 3 90 2 0 $gmm 37 0 20 $lmax $nref -68.879877 -32.239790 -68.845374 -32.280241 -68.814441 -32.330804 -68.813846 -32.409922 -68.801949 -32.455726 -68.794811 -32.550905
area2 AR-0030a 3 90 2 0 $gmm 37 0 20 $lmax $nref -68.984798 -32.080640 -68.966624 -32.100306 -68.966169 -32.117110 -68.934070 -32.135620 -68.923175 -32.280779 -68.877447 -32.353457 -68.876277 -32.386872 -68.858232 -32.413777 -68.860174 -32.468009 -68.833919 -32.536985 -68.841805 -32.634007 -68.856677 -32.654828 -68.860841 -32.735670 -68.842400 -32.820735 -68.850728 -32.917104
area2 AR-0037a 3 90 2 0 $gmm 72 0 20 $lmax $nref -68.696457 -33.132299 -68.709992 -33.112053 -68.747717 -33.085864
area2 AR-0038a 3 90 2 0 $gmm 72 0 20 $lmax $nref -68.882470 -33.190894 -68.882740 -33.108608
area2 AR-0045b 3 90 2 0 $gmm 52 0 20 $lmax $nref -68.368517 -34.847235 -68.369598 -34.891422 -68.345225 -34.940081 -68.347223 -34.997007 -68.329670 -35.022680 -68.312656 -35.080783
area2 AR-0050a 3 90 2 0 $gmm 37 0 20 $lmax $nref -64.985238 -32.405436 -64.988093 -32.337978 -65.003441 -32.332624 -65.003441 -32.315135 -65.021644 -32.301929 -65.027711 -32.219660 -65.043773 -32.156485 -65.015343 -32.032293
area2 AR-0051a 3 90 2 0 $gmm 37 0 20 $lmax $nref -65.029591 -31.805372 -64.997230 -31.857482
area2 AR-0052b 3 45 2 0 $gmm 72 0 20 $lmax $nref -64.592900 -30.962846 -64.606275 -30.898757 -64.699626 -30.748894
area2 AR-0052g 3 90 2 0 $gmm 72 0 20 $lmax $nref -64.631029 -30.843493 -64.646371 -30.729470
area2 AR-0052j 3 90 2 0 $gmm 72 0 20 $lmax $nref -64.619522 -30.813157 -64.630769 -30.701747
area2 AR-0053a 3 90 2 0 $gmm 37 0 20 $lmax $nref -64.351342 -32.367442 -64.382275 -32.353165 -64.438192 -32.265125 -64.441150 -32.226441 -64.523718 -32.067231 -64.516817 -31.929413 -64.512058 -31.873852 -64.557356 -31.655487 -64.559260 -31.581248 -64.512147 -31.467034 -64.449524 -31.376620 -64.445492 -31.333768 -64.457895 -31.152088 -64.476052 -31.091602 -64.471220 -31.028547 -64.500249 -30.894345
area2 AR-0053k 3 90 2 0 $gmm 37 0 20 $lmax $nref -64.302330 -32.766824 -64.349917 -32.505096 -64.354166 -32.401424
area2 AR-0053l 3 90 2 0 $gmm 52 0 20 $lmax $nref -64.440965 -31.322219 -64.431861 -31.226559 -64.467043 -31.089968 -64.465258 -31.012636
area2 AR-0054a 3 135 2 0 $gmm 37 0 20 $lmax $nref -64.933906 -33.370565 -64.918661 -33.364547 -64.900718 -33.340674 -64.842434 -33.316758 -64.770886 -33.260484
area2 AR-0056a 3 0 2 0 $gmm 87 0 20 $lmax $nref -70.247818 -54.060143 -70.127494 -54.109164 -69.837824 -54.189381 -69.610545 -54.233945 -69.254028 -54.349813 -69.142617 -54.407747 -68.714797 -54.496876 -68.590016 -54.514702 -68.545859 -54.534627 -68.162766 -54.572699 -67.937788 -54.563181 -67.787108 -54.541171 -67.609248 -54.549609 -67.385698 -54.550689 -67.234185 -54.537582 -66.961737 -54.554833 -66.870128 -54.579223 -66.783278 -54.585766 -66.613325 -54.560187 -66.591909 -54.548884 -66.518146 -54.554238 -66.459254 -54.535202 -66.408691 -54.535797 -66.306522 -54.508992
area2 AR-0060a 3 90 2 0 $gmm 52 0 20 $lmax $nref -68.720508 -31.700488 -68.730026 -31.664796 -68.712775 -31.566643 -68.663422 -31.482090
area2 AR-0078a 3 90 2 0 $gmm 52 0 20 $lmax $nref -65.841386 -25.922056 -65.867592 -25.867252
area2 AR-0112a 3 -90 2 0 $gmm 37 0 20 $lmax $nref -69.000966 -32.347124 -69.037175 -32.398714
area2 AR-0138a 3 90 2 0 $gmm 72 0 20 $lmax $nref -63.774536 -23.557644 -63.789767 -23.612813 -63.839802 -23.683325 -63.858645 -23.738467 -63.893239 -23.769028 -63.926735 -23.779880 -63.965119 -23.836605 -63.975006 -23.878049 -64.017572 -23.923012
area2 AR-0172a 3 90 2 0 $gmm 52 0 20 $lmax $nref -66.939392 -28.816677 -66.975180 -28.885907
area2 AR-0233a 3 90 2 0 $gmm 72 0 20 $lmax $nref -62.262600 -29.943314 -62.201606 -29.717783 -61.971471 -29.467896
area2 AR-0233b 3 90 2 0 $gmm 72 0 20 $lmax $nref -62.207114 -30.857872 -62.183058 -30.691886 -62.207114 -30.569201 -62.209520 -30.494628 -62.185464 -30.446516 -62.175842 -30.398405 -62.173436 -30.311804 -62.192681 -30.215580 -62.190275 -30.157846 -62.202303 -30.102517 -62.216737 -30.059217 -62.250415 -30.011105 -62.260037 -29.950965
area2 AR-0233c 3 90 2 0 $gmm 72 0 20 $lmax $nref -62.428832 -31.219411 -62.420340 -31.083364 -62.400934 -30.999261 -62.413379 -30.901232
area2 AR-0233d 3 90 2 0 $gmm 72 0 20 $lmax $nref -61.868708 -32.555995 -61.931578 -32.450083 -62.036762 -32.227602 -62.092202 -32.164880 -62.101836 -32.130200 -62.084496 -32.018453 -62.097982 -31.964506 -62.123029 -31.927899 -62.159636 -31.898999 -62.170633 -31.864238 -62.185933 -31.741841 -62.289205 -31.585021 -62.403951 -31.474099 -62.411601 -31.412901 -62.461325 -31.225482
area2 AR-0233e 3 90 2 0 $gmm 72 0 20 $lmax $nref -61.787832 -32.905826 -61.810499 -32.867792 -61.800116 -32.809112 -61.851474 -32.714899 -61.836019 -32.617087 -61.863701 -32.567875
area2 AR-0236a 3 90 2 0 $gmm 52 0 20 $lmax $nref -71.087230 -36.610619 -71.036696 -36.780595 -71.023668 -36.943230 -70.917133 -37.038668
area2 AR-0236b 3 90 2 0 $gmm 72 0 20 $lmax $nref -70.788089 -37.017685 -70.861158 -36.976141 -70.967742 -36.864091 -71.024450 -36.739743 -71.035382 -36.665953 -71.075010 -36.627009 -71.101656 -36.581916
area2 AR-0236d 3 90 2 0 $gmm 52 0 20 $lmax $nref -70.946750 -37.223287 -70.962813 -37.254469 -70.964703 -37.338566 -70.947015 -37.384504 -70.944794 -37.434015
area2 AR-0236f 3 135 2 0 $gmm 72 0 20 $lmax $nref -70.920597 -37.073135 -70.909898 -37.224232 -70.945607 -37.456758
area2 AR-0236g 3 90 2 0 $gmm 52 0 20 $lmax $nref -70.799854 -37.040562 -70.712067 -37.244683
area2 AR-0236h 3 90 2 0 $gmm 72 0 20 $lmax $nref -70.703917 -37.262862 -70.690079 -37.305907 -70.702463 -37.339096
area2 AR-0236i 3 -90 2 0 $gmm 72 0 20 $lmax $nref -70.714202 -37.337973 -70.640703 -37.451283 -70.632026 -37.564083 -70.612121 -37.580927
area2 AR-0236j 3 -90 2 0 $gmm 72 0 20 $lmax $nref -70.849975 -37.584498 -70.808492 -37.538616 -70.810378 -37.517246 -70.783636 -37.489426 -70.719870 -37.412282 -70.711699 -37.360115
area2 AR-0236m 3 -135 2 0 $gmm 87 0 20 $lmax $nref -70.904657 -37.473249 -71.003620 -37.668061
area2 AR-0236n 3 -90 2 0 $gmm 52 0 20 $lmax $nref -70.945511 -37.524788 -70.915341 -37.466964
area2 AR-0268a 3 90 2 0 $gmm 52 0 20 $lmax $nref -66.744113 -29.152410 -66.771718 -29.270856 -66.864171 -29.378141 -66.869663 -29.398333
area2 AR-0350a 3 90 2 0 $gmm 72 0 20 $lmax $nref -65.457669 -24.799171 -65.453206 -24.768190 -65.449485 -24.762237 -65.437419 -24.714950
area2 BO-001 3 -90 2 0 $gmm 72 0 20 $lmax $nref -68.494252 -16.065603 -68.587884 -16.007801
area2 BO-002 3 -90 2 0 $gmm 72 0 20 $lmax $nref -68.325609 -16.241418 -68.509123 -16.119274
area2 BO-005 3 -90 2 0 $gmm 72 0 20 $lmax $nref -68.250067 -16.528200 -68.433437 -16.392503
area2 BO-007 3 -90 2 0 $gmm 72 0 20 $lmax $nref -69.257493 -15.556602 -69.193072 -15.651497 -69.078665 -15.740993
area2 BO-008 3 -90 2 0 $gmm 52 0 20 $lmax $nref -68.608472 -16.178439 -68.528694 -16.301775
area2 BO-009 3 -90 2 0 $gmm 72 0 20 $lmax $nref -67.568653 -14.424082 -67.535632 -13.783489
area2 BO-010 3 90 2 0 $gmm 52 0 20 $lmax $nref -63.112236 -19.657053 -63.104054 -19.826624 -63.052983 -20.016778 -63.076219 -20.143009 -63.017408 -20.410987 -63.023928 -20.745778 -63.013258 -20.776260 -63.022245 -20.900237 -63.004026 -21.028934
area2 CL-001a 3 90 2 0 $gmm 37 0 20 $lmax $nref -70.534710 -33.617283 -70.526909 -33.529319 -70.518010 -33.496814 -70.520694 -33.436135 -70.540022 -33.405501 -70.547588 -33.369161
area2 CL-002b 3 -90 2 0 $gmm 72 0 20 $lmax $nref -71.948032 -34.084665 -71.785003 -34.226810 -71.780950 -34.251879 -71.722195 -34.327206
area2 CL-002c 3 -90 2 0 $gmm 72 0 20 $lmax $nref -71.610119 -34.421478 -71.708597 -34.351359 -71.804038 -34.281234 -71.930244 -34.150680
area2 CL-003 3 -90 2 0 $gmm 72 0 20 $lmax $nref -71.982862 -34.369544 -71.833173 -34.536239 -71.725010 -34.586642
area2 CL-004b 3 45 2 0 $gmm 72 0 20 $lmax $nref -72.445473 -38.886512 -72.648996 -38.662249 -72.746069 -38.566590 -73.045836 -38.177316 -73.272857 -37.954788
area2 CL-005 3 -135 2 0 $gmm 87 0 20 $lmax $nref -71.551455 -37.964399 -71.105017 -37.813081
area2 CL-006a 3 180 2 0 $gmm 87 0 20 $lmax $nref -71.641044 -38.241775 -71.623875 -38.167780 -71.624191 -38.136383 -71.588916 -38.008321 -71.562350 -37.974189
area2 CL-006aa 3 180 2 0 $gmm 87 0 20 $lmax $nref -72.046199 -40.488596 -72.027522 -40.368143
area2 CL-006aaa 3 180 2 0 $gmm 87 0 20 $lmax $nref -75.268191 -47.915450 -74.817658 -47.763414
area2 CL-006b 3 180 2 0 $gmm 87 0 20 $lmax $nref -71.605021 -38.978291 -71.609940 -38.904284 -71.644514 -38.831599 -71.641965 -38.729630 -71.656871 -38.519527 -71.648000 -38.383225
area2 CL-006bbb 3 180 2 0 $gmm 87 0 20 $lmax $nref -73.006973 -45.171541 -72.967021 -45.100533 -72.957550 -45.060849
area2 CL-006dd 3 180 2 0 $gmm 87 0 20 $lmax $nref -72.285973 -41.411804 -72.265158 -41.099088
area2 CL-006ddd 3 180 2 0 $gmm 87 0 20 $lmax $nref -73.081187 -45.754132 -73.095355 -45.668838 -73.092145 -45.568925 -73.058391 -45.345016 -73.007173 -45.174392 -72.921002 -45.096409 -72.896878 -45.058175
area2 CL-006e 3 180 2 0 $gmm 87 0 20 $lmax $nref -71.307366 -38.033924 -71.292657 -38.010185 -71.282507 -37.933586 -71.259654 -37.876285
area2 CL-006eee 3 180 2 0 $gmm 87 0 20 $lmax $nref -73.035333 -45.495403 -72.996728 -45.371011 -72.987788 -45.224611
area2 CL-006f 3 180 2 0 $gmm 87 0 20 $lmax $nref -71.285024 -38.013379 -71.257592 -37.973783 -71.214433 -37.936936 -71.089863 -37.873514
area2 CL-006ff 3 180 2 0 $gmm 87 0 20 $lmax $nref -72.291326 -41.470060 -72.136061 -41.233478 -72.087953 -41.136401 -71.964112 -40.933768
area2 CL-006gb 3 -135 2 0 $gmm 72 0 20 $lmax $nref -71.309831 -38.037402 -71.372804 -38.073419 -71.402451 -38.102581 -71.478016 -38.258823 -71.536955 -38.325606 -71.625591 -38.366565
area2 CL-006gc 3 -135 2 0 $gmm 72 0 20 $lmax $nref -71.436279 -38.182026 -71.446689 -38.303397 -71.463567 -38.344291 -71.515573 -38.377516 -71.644116 -38.426223
area2 CL-006iii 3 180 2 0 $gmm 87 0 20 $lmax $nref -72.932482 -45.632654 -72.903536 -45.466441 -72.886659 -45.421496 -72.904809 -45.319810 -72.915449 -45.152808 -72.893793 -45.032558
area2 CL-006j 3 180 2 0 $gmm 87 0 20 $lmax $nref -71.351268 -38.194446 -71.326162 -38.078241
area2 CL-006jj 3 180 2 0 $gmm 87 0 20 $lmax $nref -72.580971 -42.134579 -72.497917 -41.975418 -72.460723 -41.859382
area2 CL-006k 3 180 2 0 $gmm 87 0 20 $lmax $nref -71.343293 -38.232367 -71.311885 -38.133972
area2 CL-006kk 3 180 2 0 $gmm 87 0 20 $lmax $nref -72.463383 -42.509097 -72.452904 -42.084756 -72.345139 -41.660694 -72.304568 -41.456337
area2 CL-006kkk 3 180 2 0 $gmm 87 0 20 $lmax $nref -72.721507 -45.522556 -72.700125 -45.320334 -72.717600 -45.215924 -72.718400 -45.104147 -72.732481 -45.031282
area2 CL-006m 3 180 2 0 $gmm 87 0 20 $lmax $nref -71.366701 -38.443847 -71.293146 -38.194735
area2 CL-006mm 3 180 2 0 $gmm 87 0 20 $lmax $nref -72.329306 -43.662195 -72.363289 -43.459668 -72.432511 -43.226297 -72.479448 -43.020658 -72.472894 -42.656054
area2 CL-006mmm 3 180 2 0 $gmm 87 0 20 $lmax $nref -72.763619 -45.381800 -72.759123 -45.232378 -72.772532 -45.201654 -72.748800 -45.157456 -72.755394 -45.073402
area2 CL-006n 3 180 2 0 $gmm 87 0 20 $lmax $nref -71.436961 -38.914852 -71.421729 -38.795828 -71.392014 -38.690756 -71.385222 -38.620824 -71.370335 -38.575581
area2 CL-006o 3 180 2 0 $gmm 87 0 20 $lmax $nref -71.887275 -39.264132 -71.839655 -39.223829 -71.799329 -39.149874 -71.786925 -39.102926
area2 CL-006oo 3 180 2 0 $gmm 87 0 20 $lmax $nref -72.691387 -44.702404 -72.612756 -44.511991 -72.478482 -44.140455 -72.403377 -43.936385 -72.335155 -43.688535
area2 CL-006p 3 180 2 0 $gmm 87 0 20 $lmax $nref -71.798780 -39.298796 -71.781082 -39.205843 -71.742575 -39.090033
area2 CL-006pp 3 -135 2 0 $gmm 87 0 20 $lmax $nref -73.214834 -44.965309 -72.963157 -44.867155 -72.747936 -44.750578
area2 CL-006q 3 180 2 0 $gmm 87 0 20 $lmax $nref -71.783435 -39.467239 -71.780370 -39.339700
area2 CL-006qq 3 -135 2 0 $gmm 87 0 20 $lmax $nref -73.489315 -45.414841 -73.036075 -45.118831 -72.873229 -44.960514 -72.688654 -44.764420
area2 CL-006r 3 180 2 0 $gmm 87 0 20 $lmax $nref -71.714662 -40.007081 -71.668533 -39.825106 -71.545835 -39.503813 -71.539980 -39.398113
area2 CL-006rr 3 -135 2 0 $gmm 87 0 20 $lmax $nref -73.569967 -45.884157 -73.073036 -45.412491
area2 CL-006t 3 180 2 0 $gmm 87 0 20 $lmax $nref -71.860700 -39.686342 -71.795510 -39.568104
area2 CL-006tt 3 -135 2 0 $gmm 87 0 20 $lmax $nref -73.305524 -45.892591 -73.082398 -45.789336 -72.850756 -45.648779 -72.662428 -45.510178
area2 CL-006u 3 180 2 0 $gmm 87 0 20 $lmax $nref -71.976642 -39.806360 -71.928346 -39.714221
area2 CL-006uu 3 -135 2 0 $gmm 87 0 20 $lmax $nref -73.699319 -46.391279 -73.321708 -45.903291
area2 CL-006vv 3 -135 2 0 $gmm 87 0 20 $lmax $nref -73.940290 -46.854525 -73.289288 -46.161291
area2 CL-006w 3 180 2 0 $gmm 87 0 20 $lmax $nref -72.002145 -40.268857 -71.936120 -40.180943 -71.877505 -40.058485 -71.855980 -39.958918 -71.837411 -39.756942 -71.803793 -39.673725
area2 CL-006ww 3 180 2 0 $gmm 87 0 20 $lmax $nref -73.560633 -45.789164 -73.434591 -45.126195
area2 CL-006x 3 180 2 0 $gmm 87 0 20 $lmax $nref -72.100303 -40.087877 -72.050086 -40.006741
area2 CL-006xx 3 180 2 0 $gmm 87 0 20 $lmax $nref -73.673660 -46.326389 -73.637230 -46.213242 -73.578093 -45.901310
area2 CL-006y 3 180 2 0 $gmm 87 0 20 $lmax $nref -71.997947 -40.155928 -71.980098 -40.072362
area2 CL-006yy 3 180 2 0 $gmm 87 0 20 $lmax $nref -73.983992 -46.950723 -73.725501 -46.403164
area2 CL-006z 3 180 2 0 $gmm 87 0 20 $lmax $nref -72.166796 -41.045615 -72.163150 -40.811185 -72.150853 -40.678915 -72.132077 -40.533398 -72.046309 -40.287182
area2 CL-006zz 3 180 2 0 $gmm 87 0 20 $lmax $nref -74.693448 -47.695307 -74.461097 -47.463705 -74.023437 -47.000436
area2 CL-007 3 -135 2 0 $gmm 87 0 20 $lmax $nref -71.133204 -38.006150 -71.213157 -38.030043 -71.338281 -38.081169 -71.412617 -38.127192
area2 CL-008 3 -135 2 0 $gmm 72 0 20 $lmax $nref -71.330088 -38.329901 -71.287089 -38.290695 -71.099295 -38.168523
area2 CL-009 3 45 2 0 $gmm 87 0 20 $lmax $nref -71.892291 -38.037032 -71.766038 -38.185895 -71.656762 -38.293527
area2 CL-010 3 45 2 0 $gmm 72 0 20 $lmax $nref -71.312826 -38.333374 -71.256963 -38.393684 -71.041497 -38.676579
area2 CL-011 3 -135 2 0 $gmm 87 0 20 $lmax $nref -71.566411 -38.542380 -71.360446 -38.421369
area2 CL-012 3 -135 2 0 $gmm 87 0 20 $lmax $nref -71.571182 -38.606708 -71.425594 -38.556708
area2 CL-013 3 -135 2 0 $gmm 72 0 20 $lmax $nref -71.370592 -38.513613 -71.451080 -38.632105 -71.593903 -38.754945 -71.638433 -38.817090
area2 CL-014 3 -135 2 0 $gmm 87 0 20 $lmax $nref -71.668473 -39.034514 -71.516495 -38.972188 -71.334731 -38.848203 -71.173885 -38.778298
area2 CL-015 3 45 2 0 $gmm 87 0 20 $lmax $nref -72.084313 -39.187310 -71.982021 -39.227325 -71.700935 -39.358691 -71.542820 -39.449443
area2 CL-016 3 45 2 0 $gmm 87 0 20 $lmax $nref -71.574663 -39.581954 -72.202442 -39.290849
area2 CL-017 3 45 2 0 $gmm 87 0 20 $lmax $nref -72.190103 -39.447449 -72.117804 -39.491427 -71.993686 -39.547602 -71.924407 -39.620951
area2 CL-018 3 45 2 0 $gmm 87 0 20 $lmax $nref -72.112140 -39.544488 -71.986116 -39.605375
area2 CL-019 3 45 2 0 $gmm 87 0 20 $lmax $nref -72.218059 -39.704990 -72.108664 -39.781110
area2 CL-020a 3 45 2 0 $gmm 87 0 20 $lmax $nref -72.336024 -39.793372 -71.962889 -39.967482
area2 CL-020b 3 45 2 0 $gmm 87 0 20 $lmax $nref -71.879014 -40.058547 -71.536676 -40.168273
area2 CL-021a 3 45 2 0 $gmm 87 0 20 $lmax $nref -72.265195 -40.189149 -72.149183 -40.225042
area2 CL-021b 3 45 2 0 $gmm 87 0 20 $lmax $nref -71.937274 -40.300641 -71.686376 -40.379879
area2 CL-022 3 45 2 0 $gmm 87 0 20 $lmax $nref -72.080352 -40.361083 -72.388052 -40.096728
area2 CL-023a 3 45 2 0 $gmm 87 0 20 $lmax $nref -72.439683 -40.318692 -72.313211 -40.390304 -72.246122 -40.453074 -72.145239 -40.524034
area2 CL-023c 3 45 2 0 $gmm 87 0 20 $lmax $nref -72.291131 -40.474094 -72.153040 -40.557184
area2 CL-024 3 -135 2 0 $gmm 87 0 20 $lmax $nref -72.544466 -41.125129 -72.175417 -40.921443
area2 CL-025 3 45 2 0 $gmm 87 0 20 $lmax $nref -72.661995 -41.317067 -72.481598 -41.383432 -72.332815 -41.425014
area2 CL-026 3 45 2 0 $gmm 87 0 20 $lmax $nref -72.306808 -41.547085 -72.201631 -41.621747
area2 CL-027 3 45 2 0 $gmm 87 0 20 $lmax $nref -72.129071 -41.723345 -72.198014 -41.625660
area2 CL-028 3 45 2 0 $gmm 87 0 20 $lmax $nref -73.248192 -41.764019 -72.700792 -42.001774
area2 CL-029 3 -135 2 0 $gmm 87 0 20 $lmax $nref -72.550403 -41.747673 -72.350665 -41.667398
area2 CL-030 3 -135 2 0 $gmm 87 0 20 $lmax $nref -72.461017 -41.855719 -72.383004 -41.812670
area2 CL-031 3 45 2 0 $gmm 87 0 20 $lmax $nref -72.753356 -42.236273 -72.561707 -42.394084
area2 CL-032 3 45 2 0 $gmm 87 0 20 $lmax $nref -72.877340 -42.286901 -72.595719 -42.538026 -72.296004 -42.739902
area2 CL-033 3 45 2 0 $gmm 87 0 20 $lmax $nref -72.605846 -42.720732 -72.476058 -42.832399
area2 CL-034 3 45 2 0 $gmm 87 0 20 $lmax $nref -73.121761 -42.726230 -72.865656 -42.847618 -72.493884 -43.006332
area2 CL-035 3 45 2 0 $gmm 87 0 20 $lmax $nref -72.426580 -43.218557 -71.870160 -43.521663
area2 CL-036 3 -90 2 0 $gmm 72 0 20 $lmax $nref -70.421762 -23.406491 -70.390897 -23.368303 -70.350343 -23.284922 -70.305261 -23.058613
area2 CL-037a 3 90 2 0 $gmm 72 0 20 $lmax $nref -70.111359 -20.272201 -70.041681 -20.291172
area2 CL-038 3 90 2 0 $gmm 72 0 20 $lmax $nref -70.253612 -19.334138 -70.217096 -19.325521 -70.141805 -19.289802 -69.978342 -19.242555
area2 CL-039 3 90 2 0 $gmm 37 0 20 $lmax $nref -70.052071 -20.306964 -70.103145 -20.306778 -70.129335 -20.295080
area2 CL-040 3 -90 2 0 $gmm 87 0 20 $lmax $nref -70.447507 -24.001619 -70.458030 -23.952077 -70.485065 -23.912073 -70.490307 -23.871103 -70.503293 -23.850098
area2 CL-041 3 -90 2 0 $gmm 72 0 20 $lmax $nref -70.532759 -23.397658 -70.541129 -23.359596 -70.568770 -23.302854 -70.564041 -23.257620 -70.578278 -23.231583 -70.577849 -23.208374
area2 CL-042 3 90 2 0 $gmm 72 0 20 $lmax $nref -70.153194 -20.234465 -70.074925 -20.238461
area2 CL-043 3 180 2 0 $gmm 72 0 20 $lmax $nref -70.010858 -21.202371 -70.067353 -21.146222 -70.111248 -21.085679 -70.133926 -21.018391
area2 CL-044a 3 90 2 0 $gmm 72 0 20 $lmax $nref -69.944223 -21.090768 -69.910298 -21.083097 -69.840951 -21.085562
area2 CL-044b 3 90 2 0 $gmm 72 0 20 $lmax $nref -69.930966 -21.111154 -69.879330 -21.098878 -69.795968 -21.097494
area2 CL-044c 3 90 2 0 $gmm 72 0 20 $lmax $nref -69.940418 -21.138224 -69.889777 -21.129049 -69.774958 -21.135040 -69.668331 -21.099376
area2 CL-044d 3 90 2 0 $gmm 72 0 20 $lmax $nref -69.928787 -21.145925 -69.877162 -21.144612
area2 CL-044e 3 90 2 0 $gmm 72 0 20 $lmax $nref -69.940144 -21.177800 -69.871364 -21.144860 -69.854737 -21.146189 -69.833560 -21.162624
area2 CL-044f 3 90 2 0 $gmm 72 0 20 $lmax $nref -69.911909 -21.182471 -69.851449 -21.190079 -69.819684 -21.173910
area2 CL-045 3 -90 2 0 $gmm 87 0 20 $lmax $nref -70.334081 -24.404927 -70.387428 -24.026499 -70.414574 -23.884279 -70.456813 -23.761189
area2 CL-046 3 -90 2 0 $gmm 72 0 20 $lmax $nref -70.321072 -23.822013 -70.321822 -23.783777 -70.303535 -23.675099 -70.249149 -23.509593 -70.086458 -23.189742 -69.986848 -23.060865 -69.924044 -22.914325 -69.856941 -22.614893 -69.845809 -22.251037 -69.847328 -22.152655 -69.867239 -21.943358 -69.848603 -21.597101
area2 CL-047 3 -90 2 0 $gmm 72 0 20 $lmax $nref -70.582740 -23.326045 -70.535326 -23.389945
area2 CL-049 3 -90 2 0 $gmm 72 0 20 $lmax $nref -70.492191 -23.419116 -70.496446 -23.303753 -70.505916 -23.270575 -70.511836 -23.185553 -70.486421 -23.095103
area2 CL-050 3 -90 2 0 $gmm 72 0 20 $lmax $nref -70.188259 -22.928435 -70.178083 -22.869598 -70.173207 -22.719072
area2 CL-051 3 -90 2 0 $gmm 72 0 20 $lmax $nref -70.316481 -23.301371 -70.282909 -23.235172 -70.244153 -23.104181 -70.214437 -23.042515 -70.205418 -22.984948
area2 CL-052 3 -90 2 0 $gmm 72 0 20 $lmax $nref -70.440629 -24.980815 -70.392770 -24.820601 -70.365332 -24.693890 -70.315564 -24.403334 -70.291079 -24.195490
area2 CL-053 3 90 2 0 $gmm 72 0 20 $lmax $nref -70.184653 -19.623734 -70.022303 -19.553422 -69.981288 -19.553264
area2 CL-054 3 180 2 0 $gmm 72 0 20 $lmax $nref -70.116939 -20.850598 -70.091034 -20.863047 -70.073863 -20.884676 -70.022167 -20.988304 -69.991220 -21.081300 -69.952634 -21.133263 -69.936788 -21.203093
area2 CL-055 3 90 2 0 $gmm 72 0 20 $lmax $nref -70.147396 -20.205525 -70.121689 -20.212940 -70.070403 -20.199786 -70.012698 -20.207255 -69.969450 -20.202271
area2 CL-056b 3 -45 2 0 $gmm 87 0 20 $lmax $nref -70.956395 -54.104708 -71.419866 -53.930906 -71.932359 -53.792756 -72.400287 -53.614498 -72.783542 -53.440696 -73.104407 -53.320371 -73.429729 -53.128744 -73.683747 -52.941573
area2 CL-056c 3 -45 2 0 $gmm 87 0 20 $lmax $nref -68.678179 -54.371285 -69.333293 -54.279468 -69.567342 -54.225791 -69.934039 -54.171201
area2 CL-056d 3 -45 2 0 $gmm 87 0 20 $lmax $nref -69.258037 -54.348411 -68.915961 -54.383287 -68.705035 -54.431684 -68.599167 -54.444565
area2 CL-056e 3 -45 2 0 $gmm 87 0 20 $lmax $nref -69.503947 -54.186553 -69.832331 -54.135818 -70.068133 -54.085912
area2 CL-056g 3 -45 2 0 $gmm 87 0 20 $lmax $nref -70.477020 -54.254331 -70.554694 -54.213554 -70.767507 -54.140261 -70.811390 -54.111505
area2 CL-056h 3 -45 2 0 $gmm 87 0 20 $lmax $nref -69.620592 -54.311938 -69.723716 -54.306362 -69.852154 -54.314686 -69.956688 -54.315900 -70.152664 -54.378918
area2 CL-056i 3 -45 2 0 $gmm 87 0 20 $lmax $nref -69.170553 -54.429807 -69.036905 -54.457058 -68.978910 -54.480423 -68.806147 -54.510264
area2 CO-01 3 135 2 0 $gmm 72 0 20 $lmax $nref -71.858454 11.052947 -71.909625 11.078887 -72.066697 11.133028 -72.234793 11.177341 -72.580237 11.184658 -72.766696 11.207388 -72.815228 11.222149 -72.942662 11.239571 -73.105437 11.240334 -73.341925 11.266018
area2 CO-02a 3 0 2 0 $gmm 72 0 20 $lmax $nref -73.906300 9.933680 -73.977700 10.206050 -74.081050 10.418100 -74.112192 10.666015 -74.109759 10.746487 -74.178854 10.969428 -74.201972 11.005785 -74.221109 11.082963
area2 CO-02b 3 0 2 0 $gmm 72 0 20 $lmax $nref -73.967721 9.867684 -73.865045 9.555568 -73.529194 8.743227 -73.387050 8.244760 -73.295120 8.025950 -73.279210 7.956520 -73.313460 7.820380
area2 CO-02c 3 45 2 0 $gmm 72 0 20 $lmax $nref -72.747480 6.049010 -72.719190 6.229450 -72.737790 6.347070 -72.802540 6.540860 -72.868730 6.612820 -72.959110 6.768000 -73.005350 6.914420 -73.119960 7.152890 -73.298870 7.770370
area2 CO-06 3 90 2 0 $gmm 72 0 20 $lmax $nref -76.387322 7.375928 -76.380002 7.384438 -76.378031 7.431718 -76.395891 7.529000 -76.393579 7.683962 -76.403098 7.780804 -76.427298 7.852155 -76.429638 7.895976 -76.424307 8.004967 -76.385484 8.083568 -76.376393 8.169109
area2 CO-07 3 45 2 0 $gmm 72 0 20 $lmax $nref -76.289638 7.196673 -76.365804 7.256552 -76.397164 7.266783 -76.428469 7.288685 -76.465017 7.318341 -76.488397 7.349847 -76.566346 7.540988 -76.573123 7.588962 -76.612385 7.679677
area2 CO-08 3 45 2 0 $gmm 87 0 20 $lmax $nref -76.499624 6.532026 -76.560260 6.693102 -76.611564 7.032535 -76.647434 7.146827 -76.683165 7.222139 -76.775926 7.368762 -76.826337 7.468024 -76.983171 7.641548
area2 CO-10a 3 90 2 0 $gmm 72 0 20 $lmax $nref -77.695180 7.695920 -77.698380 7.578120 -77.644710 7.381490 -77.613040 7.347280 -77.590550 7.288560 -77.578730 7.151240 -77.492950 6.955750 -77.488000 6.891160 -77.449530 6.781190 -77.435500 6.750310 -77.399990 6.712970
area2 CO-10b 3 90 2 0 $gmm 72 0 20 $lmax $nref -77.443390 6.273730 -77.399800 6.177620 -77.363350 6.046160 -77.346740 6.013580
area2 CO-10c 3 90 2 0 $gmm 72 0 20 $lmax $nref -77.314835 5.638865 -77.304622 5.588233 -77.315343 5.537850 -77.321938 5.398236 -77.310875 5.319497
area2 CO-11 3 45 2 0 $gmm 37 0 20 $lmax $nref -76.389255 6.235703 -76.355792 6.331234 -76.352162 6.417157 -76.352421 6.561890 -76.364033 6.632350 -76.364205 6.706094 -76.353919 6.766313 -76.357162 6.787064 -76.339879 6.833555 -76.363144 7.020610
area2 CO-12 3 45 2 0 $gmm 72 0 20 $lmax $nref -76.174930 6.934400 -76.167370 6.896180 -76.144230 6.866340 -76.062320 6.792900 -75.998800 6.717660 -75.923400 6.663260
area2 CO-14 3 0 2 0 $gmm 87 0 20 $lmax $nref -76.143152 5.970860 -76.138687 6.090270 -76.082041 6.343049 -76.050975 6.617624
area2 CO-15a 3 -135 2 0 $gmm 72 0 20 $lmax $nref -75.889310 4.308400 -75.852930 4.409960 -75.796620 4.487470 -75.768140 4.537760 -75.759350 4.572310
area2 CO-15b 3 -135 2 0 $gmm 72 0 20 $lmax $nref -75.708020 4.363010 -75.712050 4.425830 -75.700430 4.451930 -75.665190 4.618990 -75.657140 4.673500 -75.663040 4.701030
area2 CO-15c 3 135 2 0 $gmm 52 0 20 $lmax $nref -76.662307 2.372986 -76.622845 2.422976 -76.615925 2.456976 -76.553742 2.554436 -76.526941 2.654127 -76.518909 2.760588
area2 CO-15d 3 135 2 0 $gmm 52 0 20 $lmax $nref -76.656536 2.559087 -76.641676 2.467236 -76.647176 2.440156 -76.740021 2.274295 -76.778573 2.138615
area2 CO-15e 3 0 2 0 $gmm 72 0 20 $lmax $nref -75.632386 4.445587 -75.606986 4.511170
area2 CO-15f 3 180 2 0 $gmm 87 0 20 $lmax $nref -77.474523 1.119542 -77.426596 1.132402 -77.409002 1.159109 -77.315518 1.241591 -77.251975 1.281832 -77.145451 1.386669 -77.080515 1.433197
area2 CO-17 3 135 2 0 $gmm 72 0 20 $lmax $nref -75.161530 7.800110 -75.207800 7.601190 -75.252980 7.485950 -75.331410 7.363760 -75.468210 7.219580 -75.643500 7.003430 -75.735450 6.846550 -75.748920 6.775370 -75.778440 6.713670
area2 CO-22a 3 45 2 0 $gmm 52 0 20 $lmax $nref -74.837164 5.950663 -74.807533 5.916473 -74.801803 5.880682 -74.823085 5.821062 -74.824515 5.766241 -74.842877 5.679451 -74.817377 5.586419 -74.813327 5.537829 -74.828058 5.475358 -74.854220 5.414078 -74.859931 5.341907 -74.876242 5.293827 -74.897724 5.176496 -74.920807 4.900444 -74.945119 4.782353 -74.930209 4.722582 -74.948550 4.654341 -74.951521 4.593491
area2 CO-22b 3 90 2 0 $gmm 72 0 20 $lmax $nref -74.766090 6.124485 -74.765150 6.061984 -74.773521 6.023994 -74.765812 5.943873 -74.788503 5.857172 -74.779564 5.761581 -74.783475 5.678330 -74.819407 5.605940 -74.864329 5.567760
area2 CO-23 3 45 2 0 $gmm 52 0 20 $lmax $nref -74.756183 4.756511 -74.786742 4.954543 -74.767610 5.139474 -74.732138 5.204865 -74.707486 5.327706 -74.636272 5.450386 -74.636272 5.480886 -74.553302 5.641613 -74.540600 5.694845 -74.471179 5.805455 -74.444110 5.810288
area2 CO-26 3 45 2 0 $gmm 52 0 20 $lmax $nref -73.134646 7.183198 -73.170534 7.128154 -73.184695 7.084332 -73.184143 7.066748 -73.170565 7.048494 -73.172884 6.994787 -73.163340 6.951264
area2 CO-28a 3 45 2 0 $gmm 72 0 20 $lmax $nref -72.238559 6.900695 -72.191637 6.870454 -72.132465 6.848523 -72.074244 6.804192 -71.962991 6.755810 -71.885159 6.708948 -71.855258 6.701128 -71.808077 6.660337 -71.774396 6.646017
area2 CO-28c 3 45 2 0 $gmm 87 0 20 $lmax $nref -72.630732 7.633687 -72.640065 7.409535 -72.631025 7.393064 -72.631745 7.356644 -72.608395 7.297043 -72.583204 7.285753 -72.534734 7.173421 -72.496654 7.113430 -72.381371 7.000047 -72.316030 6.947196 -72.238698 6.901295
area2 CO-29a 3 90 2 0 $gmm 37 0 20 $lmax $nref -71.948100 6.746600 -71.932181 6.693049 -71.919612 6.509387 -71.948854 6.410576 -72.064350 6.261446 -72.093564 5.967284 -72.193829 5.819874 -72.293474 5.594073 -72.468931 5.473520 -72.522521 5.379035 -72.565842 5.337687 -72.646369 5.237319 -72.675802 5.217504 -72.738863 5.152364 -72.828798 5.013524 -72.858039 4.954994 -72.900591 4.924104 -72.951063 4.855684 -73.006546 4.768244 -73.008176 4.731793 -73.025247 4.701673 -73.067049 4.659773 -73.084460 4.606213 -73.155508 4.502746 -73.233516 4.422493 -73.387281 4.334483
area2 CO-29d 3 90 2 0 $gmm 37 0 20 $lmax $nref -71.715314 6.637036 -71.755730 6.492703 -71.740608 6.414204 -71.745879 6.292463 -71.809053 6.146102 -71.815694 6.081442 -71.883968 5.904771 -71.947511 5.787471 -72.115129 5.603621 -72.248824 5.472772 -72.318707 5.425872 -72.371889 5.365442 -72.422631 5.318412 -72.464113 5.297952 -72.496905 5.233942 -72.568878 5.174263 -72.629921 4.982352 -72.674673 4.929652 -72.677214 4.898891 -72.755657 4.822752 -72.766818 4.775491 -72.799879 4.742371 -72.843442 4.656771 -72.962396 4.549032
area2 CO-29h 3 180 2 0 $gmm 72 0 20 $lmax $nref -73.850710 3.653917 -73.884592 3.648211 -73.962507 3.605244 -74.013319 3.553114 -74.097843 3.500824 -74.132254 3.456184 -74.160695 3.435584 -74.270519 3.374185 -74.327972 3.324685 -74.497338 3.222395 -74.608992 3.135516 -74.672745 3.108466 -74.822620 3.001427 -74.919344 2.903397 -74.961266 2.836346 -75.039260 2.745026 -75.104802 2.685976 -75.241368 2.589297 -75.305450 2.527327 -75.359802 2.493067
area2 CO-29i 3 180 2 0 $gmm 72 0 20 $lmax $nref -75.625663 2.170027 -75.549390 2.234637 -75.478688 2.313537 -75.371023 2.481357 -75.272669 2.560477
area2 CO-29j 3 135 2 0 $gmm 72 0 20 $lmax $nref -76.133278 1.812087 -76.090850 1.844447 -75.913485 1.936507 -75.833132 2.003787 -75.825571 2.024007 -75.801480 2.047787 -75.762339 2.062797 -75.726727 2.099507 -75.625663 2.170027
area2 CO-29k 3 135 2 0 $gmm 72 0 20 $lmax $nref -76.200970 1.758230 -76.221050 1.712940 -76.254420 1.666690 -76.282720 1.648890 -76.306720 1.617460 -76.356310 1.533150 -76.403120 1.495830 -76.432610 1.458280 -76.461850 1.442580 -76.540810 1.420390 -76.658810 1.354000 -76.701130 1.339050 -76.783680 1.262040 -76.838870 1.180080
area2 CO-29l 3 180 2 0 $gmm 87 0 20 $lmax $nref -76.868820 1.168010 -76.909420 1.143690 -76.965290 1.123800 -77.012630 1.118490 -77.052370 1.066810
area2 CO-29m 3 135 2 0 $gmm 72 0 20 $lmax $nref -77.185909 0.996933 -77.281876 0.934443 -77.296618 0.904969 -77.323210 0.805348 -77.399323 0.744068 -77.481468 0.643732
area2 CO-33 3 135 2 0 $gmm 72 0 20 $lmax $nref -74.160980 4.181080 -74.163765 4.234464 -74.143822 4.294350 -74.135423 4.361573 -74.143280 4.449297 -74.130823 4.476114 -74.130136 4.523445
area2 CO-35 3 180 2 0 $gmm 87 0 20 $lmax $nref -74.839858 4.558720 -74.919211 4.504270 -75.008994 4.476040 -75.251803 4.419632 -75.437630 4.339683 -75.504152 4.286513 -75.521643 4.254203 -75.592216 4.198803 -75.607957 4.172293 -75.643128 4.155383 -75.825266 4.014543
area2 CO-39 3 -45 2 0 $gmm 72 0 20 $lmax $nref -76.668830 3.379294 -76.691418 3.665397 -76.665427 3.746108 -76.630225 3.814668 -76.460068 3.979031 -76.396836 4.082880 -76.327125 4.138958
area2 CO-40 3 135 2 0 $gmm 72 0 20 $lmax $nref -77.135519 3.154636 -77.132306 3.197109 -77.106251 3.229232 -77.101254 3.332381 -77.082338 3.386990 -77.060566 3.420183
area2 CO-51a 3 90 2 0 $gmm 37 0 20 $lmax $nref -76.203645 3.418966 -76.237434 3.451803 -76.228392 3.533656 -76.215635 3.588417 -76.256873 3.712070 -76.313854 3.797147 -76.298150 3.881856 -76.273403 3.956571 -76.175845 4.093152 -76.157144 4.186728 -76.102502 4.265128
area2 CO-51b 3 90 2 0 $gmm 37 0 20 $lmax $nref -76.218171 3.429795 -76.222359 3.528590 -76.200135 3.561307 -76.183974 3.635317 -76.184668 3.666789
area2 EC-01a 3 -90 2 0 $gmm 72 0 20 $lmax $nref -78.799709 1.418043 -78.825733 1.325699 -78.877801 1.208965 -78.907718 1.171709 -78.976813 1.114283
area2 EC-01b 3 -90 2 0 $gmm 72 0 20 $lmax $nref -78.794880 1.326384 -78.839654 1.281610
area2 EC-01c 3 -90 2 0 $gmm 72 0 20 $lmax $nref -78.848448 1.262025 -78.862560 1.171145
area2 EC-02 3 15 2 0 $gmm 87 0 20 $lmax $nref -78.749154 1.231120 -78.724861 1.280181 -78.716288 1.333529 -78.718193 1.389734
area2 EC-06 3 180 2 0 $gmm 87 0 20 $lmax $nref -78.881012 1.082334 -78.813840 1.106042 -78.760562 1.145214
area2 EC-08b 3 15 2 0 $gmm 87 0 20 $lmax $nref -79.245606 0.464243 -79.227754 0.457499 -79.154759 0.461069 -79.081765 0.483285 -79.036937 0.504310 -78.959549 0.559321 -78.756286 0.663146
area2 EC-09 3 180 2 0 $gmm 87 0 20 $lmax $nref -79.906339 0.315481 -79.806863 0.335942
area2 EC-10a 3 0 2 0 $gmm 87 0 20 $lmax $nref -80.229604 -0.321320 -80.188720 -0.276164 -80.127850 -0.228487
area2 EC-172 3 15 2 0 $gmm 52 0 20 $lmax $nref -77.973039 -0.900073 -77.964116 -0.981648 -77.975886 -1.093042 -78.026675 -1.200118 -78.044966 -1.279784 -78.084486 -1.320617
area2 EC-17e 3 0 2 0 $gmm 87 0 20 $lmax $nref -80.009332 -2.184167 -79.967290 -2.155657
area2 EC-199 3 180 2 0 $gmm 87 0 20 $lmax $nref -77.871002 -0.568650 -77.868026 -0.489412 -77.814719 -0.404121 -77.801392 -0.347482 -77.775777 -0.315662
area2 EC-200 3 15 2 0 $gmm 87 0 20 $lmax $nref -77.910783 -0.480861 -77.891140 -0.466920 -77.852545 -0.410856
area2 EC-201 3 90 2 0 $gmm 52 0 20 $lmax $nref -77.875031 -0.468439 -77.848416 -0.435977 -77.816125 -0.359891
area2 EC-202a 3 15 2 0 $gmm 72 0 20 $lmax $nref -77.858687 -0.295488 -77.862829 -0.324724 -77.849885 -0.380523 -77.882119 -0.427524
area2 EC-203a 3 90 2 0 $gmm 52 0 20 $lmax $nref -77.868252 -0.285324 -77.855035 -0.237147 -77.816395 -0.160157 -77.800741 -0.013436
area2 EC-205 3 90 2 0 $gmm 52 0 20 $lmax $nref -77.795952 -0.328544 -77.754326 -0.256730 -77.718906 -0.227470
area2 EC-208 3 0 2 0 $gmm 87 0 20 $lmax $nref -77.740637 -0.167386 -77.706070 -0.211765
area2 EC-209a 3 180 2 0 $gmm 87 0 20 $lmax $nref -77.859812 0.063748 -77.747189 0.225767 -77.653531 0.340588
area2 EC-209b 3 0 2 0 $gmm 87 0 20 $lmax $nref -77.907840 0.063485 -77.844044 0.116976 -77.821568 0.151985 -77.759928 0.216238
area2 EC-209c 3 15 2 0 $gmm 87 0 20 $lmax $nref -77.748655 0.101778 -77.718194 0.147984 -77.715339 0.167258
area2 EC-209d 3 180 2 0 $gmm 87 0 20 $lmax $nref -77.597115 0.421524 -77.523632 0.531908 -77.482135 0.613295 -77.477554 0.643514
area2 EC-210a 3 0 2 0 $gmm 87 0 20 $lmax $nref -77.660048 0.250434 -77.538744 0.396241 -77.519573 0.435186 -77.434631 0.538878
area2 EC-210b 3 0 2 0 $gmm 87 0 20 $lmax $nref -77.714625 0.170113 -77.674324 0.237109 -77.676066 0.266486 -77.662052 0.303815
area2 EC-222 3 0 2 0 $gmm 87 0 20 $lmax $nref -78.911404 0.009508 -78.815943 0.081216
area2 EC-225ab 3 0 2 0 $gmm 87 0 20 $lmax $nref -78.610358 -0.275378 -78.641517 -0.224858 -78.700583 -0.184477 -78.714468 -0.164379
area2 EC-22c 3 15 2 0 $gmm 87 0 20 $lmax $nref -80.192619 -2.964141 -80.127429 -2.910381
area2 EC-25a 3 15 2 0 $gmm 52 0 20 $lmax $nref -77.971303 0.599583 -78.058614 0.500478 -78.083362 0.488224 -78.096096 0.490867
area2 EC-25b 3 15 2 0 $gmm 87 0 20 $lmax $nref -77.923022 0.646713 -77.909554 0.664992 -77.896085 0.709246 -77.885984 0.781159
area2 EC-25c 3 0 2 0 $gmm 87 0 20 $lmax $nref -77.940602 0.604359 -77.885984 0.663188 -77.854021 0.712770 -77.826336 0.789388
area2 EC-25i 3 90 2 0 $gmm 52 0 20 $lmax $nref -77.615177 1.059127 -77.627992 1.052720 -77.649520 1.018636 -77.735156 0.960192 -77.770872 0.888354 -77.771684 0.873337 -77.811522 0.816264
area2 EC-26b 3 15 2 0 $gmm 52 0 20 $lmax $nref -77.645202 0.701749 -77.735737 0.629590 -77.805912 0.585942 -77.838922 0.562672 -77.857321 0.551849 -77.894693 0.542163 -77.937159 0.545107
area2 EC-26c 3 0 2 0 $gmm 52 0 20 $lmax $nref -77.767472 0.592298 -77.824727 0.572474
area2 EC-26e 3 90 2 0 $gmm 52 0 20 $lmax $nref -77.840545 0.545356 -77.878565 0.515489 -77.935213 0.491872
area2 EC-27b 3 -90 2 0 $gmm 72 0 20 $lmax $nref -78.361599 0.400049 -78.310187 0.486843
area2 EC-30b 3 -15 2 0 $gmm 72 0 20 $lmax $nref -78.521797 0.091731 -78.520380 0.129408 -78.497986 0.194008 -78.461134 0.254868
area2 EC-31a 3 180 2 0 $gmm 87 0 20 $lmax $nref -78.630987 0.195226 -78.589891 0.247173 -78.558305 0.320139 -78.488776 0.404439 -78.443320 0.427573
area2 EC-31c 3 0 2 0 $gmm 87 0 20 $lmax $nref -78.632671 0.212276 -78.598780 0.248018 -78.590559 0.273734 -78.570725 0.299027
area2 EC-31d 3 180 2 0 $gmm 87 0 20 $lmax $nref -78.658311 0.192175 -78.619445 0.216940 -78.575550 0.288462
area2 EC-31e 3 0 2 0 $gmm 87 0 20 $lmax $nref -78.600479 0.266842 -78.559054 0.319354
area2 EC-320 3 15 2 0 $gmm 87 0 20 $lmax $nref -78.841249 -2.582600 -78.754537 -2.448198
area2 EC-321 3 0 2 0 $gmm 87 0 20 $lmax $nref -78.926379 -2.453798 -78.853217 -2.415591
area2 EC-322 3 0 2 0 $gmm 87 0 20 $lmax $nref -78.667634 -2.364196 -78.639994 -2.334389 -78.597723 -2.255266
area2 EC-348 3 0 2 0 $gmm 87 0 20 $lmax $nref -78.698664 -1.223436 -78.616870 -1.166302
area2 EC-34a 3 90 2 0 $gmm 37 0 20 $lmax $nref -78.451784 0.130278 -78.423373 0.080763 -78.421750 0.045453 -78.405251 0.022864 -78.410118 -0.002498
area2 EC-34af 3 90 2 0 $gmm 87 0 20 $lmax $nref -78.535994 -0.354795 -78.529830 -0.277744
area2 EC-34ag 3 90 2 0 $gmm 37 0 20 $lmax $nref -78.449476 -0.235044 -78.490567 -0.309699 -78.499043 -0.361899 -78.508041 -0.373350
area2 EC-34ai 3 90 2 0 $gmm 37 0 20 $lmax $nref -78.456183 -0.273041 -78.487146 -0.328586 -78.489451 -0.364724 -78.519685 -0.391567
area2 EC-34aj 3 90 2 0 $gmm 37 0 20 $lmax $nref -78.493475 -0.295675 -78.497166 -0.334895 -78.519537 -0.391121 -78.543537 -0.406181 -78.566556 -0.407848
area2 EC-34r 3 0 2 0 $gmm 87 0 20 $lmax $nref -78.351590 -0.156213 -78.388706 -0.099508
area2 EC-34s 3 15 2 0 $gmm 87 0 20 $lmax $nref -78.433154 -0.169087 -78.377690 -0.113546
area2 EC-34t 3 90 2 0 $gmm 52 0 20 $lmax $nref -78.450131 -0.120684 -78.443390 -0.145537 -78.453568 -0.180567
area2 EC-34u 3 90 2 0 $gmm 52 0 20 $lmax $nref -78.463747 -0.107994 -78.447009 -0.147164 -78.462690 -0.194183
area2 EC-34y 3 15 2 0 $gmm 87 0 20 $lmax $nref -78.445214 -0.193655 -78.405292 -0.160871
area2 EC-34z 3 0 2 0 $gmm 87 0 20 $lmax $nref -78.451295 -0.230272 -78.411637 -0.181096
area2 EC-422a 3 180 2 0 $gmm 87 0 20 $lmax $nref -78.386192 -0.056433 -78.309939 -0.012083
area2 EC-422b 3 0 2 0 $gmm 87 0 20 $lmax $nref -78.389126 -0.099608 -78.363107 -0.086243 -78.296460 -0.029400 -78.202239 0.022645
area2 EC-57 3 -90 2 0 $gmm 87 0 20 $lmax $nref -78.407607 -1.060067 -78.293179 -1.094928
area2 EC-60a 3 0 2 0 $gmm 87 0 20 $lmax $nref -78.424997 -1.221661 -78.388392 -1.197114 -78.338596 -1.141193 -78.306692 -1.122984
area2 EC-61 3 0 2 0 $gmm 87 0 20 $lmax $nref -78.358391 -1.158089 -78.410478 -1.061707
area2 EC-67b 3 180 2 0 $gmm 87 0 20 $lmax $nref -78.836853 -1.760297 -78.800789 -1.726520 -78.762273 -1.623472
area2 EC-67c 3 135 2 0 $gmm 52 0 20 $lmax $nref -78.790649 -1.687421 -78.863264 -1.803947
area2 EC-67d 3 0 2 0 $gmm 87 0 20 $lmax $nref -78.964041 -1.997437 -78.961653 -1.978634 -78.991574 -1.917806
area2 EC-67e 3 0 2 0 $gmm 87 0 20 $lmax $nref -78.964339 -1.970485 -78.983740 -1.918254
area2 EC-67f 3 180 2 0 $gmm 87 0 20 $lmax $nref -79.025018 -2.083418 -78.996857 -2.060597 -78.927809 -1.942101 -78.906431 -1.878371 -78.877098 -1.822843
area2 EC-67i 3 180 2 0 $gmm 87 0 20 $lmax $nref -79.187148 -2.256497 -79.158060 -2.223477 -79.084994 -2.188398 -79.023339 -2.119035
area2 EC-67j 3 90 2 0 $gmm 52 0 20 $lmax $nref -79.017099 -1.997302 -79.030308 -2.026262 -79.028740 -2.064930
area2 EC-67k 3 15 2 0 $gmm 72 0 20 $lmax $nref -78.973462 -2.027124 -78.977977 -2.052714 -79.028207 -2.118027
area2 EC-67l 3 180 2 0 $gmm 87 0 20 $lmax $nref -79.145508 -2.200874 -79.081931 -2.172261 -79.015280 -2.103925
area2 EC-67m 3 15 2 0 $gmm 52 0 20 $lmax $nref -78.656033 -1.609736 -78.696944 -1.646292 -78.755703 -1.667703
area2 EC-67n 3 0 2 0 $gmm 87 0 20 $lmax $nref -78.977696 -2.017807 -78.977920 -1.985573 -78.969637 -1.964531
area2 EC-67p 3 180 2 0 $gmm 87 0 20 $lmax $nref -78.791106 -1.722385 -78.756313 -1.673120 -78.745743 -1.642384
area2 EC-68a 3 180 2 0 $gmm 87 0 20 $lmax $nref -79.350989 -2.418678 -79.236585 -2.328598 -79.144505 -2.286636 -79.129952 -2.265340 -79.131136 -2.239903
area2 EC-68b 3 180 2 0 $gmm 87 0 20 $lmax $nref -79.502413 -2.521856 -79.272880 -2.385505
area2 EC-68c 3 0 2 0 $gmm 87 0 20 $lmax $nref -79.267987 -2.356190 -79.206076 -2.337027
area2 EC-68d 3 135 2 0 $gmm 87 0 20 $lmax $nref -79.289094 -2.385106 -79.261454 -2.369255 -79.226093 -2.366409
area2 EC-68f 3 15 2 0 $gmm 87 0 20 $lmax $nref -79.322404 -2.500823 -79.248119 -2.442810 -79.209915 -2.379845 -79.205670 -2.343056
area2 EC-68h 3 15 2 0 $gmm 87 0 20 $lmax $nref -79.349995 -2.536197 -79.313206 -2.512143 -79.206578 -2.406750 -79.190394 -2.385626 -79.152693 -2.295952
area2 EC-86bc 3 0 2 0 $gmm 87 0 20 $lmax $nref -78.639150 -1.898110 -78.627336 -2.051084 -78.644606 -2.147750 -78.676544 -2.228052
area2 EC-93 3 -135 2 0 $gmm 72 0 20 $lmax $nref -79.187784 -3.247180 -79.226016 -3.276815 -79.249784 -3.285456 -79.281550 -3.327079 -79.324612 -3.357567 -79.370502 -3.416908
area2 PE-03a 3 90 2 0 $gmm 37 0 20 $lmax $nref -77.870054 -5.336104 -77.830834 -5.430596 -77.795393 -5.447766 -77.761956 -5.481340 -77.740834 -5.488767 -77.708075 -5.517806 -77.655191 -5.578981 -77.617223 -5.652694 -77.357491 -5.894867 -77.322543 -5.943605 -77.303138 -5.992485 -77.221298 -6.103408 -77.190185 -6.166787 -77.108324 -6.290024 -77.078941 -6.381297 -77.058125 -6.426661 -77.028119 -6.490415
area2 PE-03ba 3 90 2 0 $gmm 37 0 20 $lmax $nref -77.601341 -5.253305 -77.504406 -5.265289 -77.435365 -5.334665 -77.379644 -5.422681 -77.269390 -5.503018 -77.173992 -5.561269 -77.058957 -5.641495 -76.986309 -5.730916
area2 PE-03bb1 3 0 2 0 $gmm 87 0 20 $lmax $nref -76.794780 -6.111522 -76.645388 -5.970971
area2 PE-03bb2 3 0 2 0 $gmm 87 0 20 $lmax $nref -76.941653 -5.797420 -76.896982 -5.771375 -76.876062 -5.736317 -76.817583 -5.699175 -76.775244 -5.653593
area2 PE-03bb3 3 0 2 0 $gmm 87 0 20 $lmax $nref -76.955726 -5.736937 -76.927810 -5.631822 -76.929488 -5.575352 -76.916000 -5.536264 -76.894323 -5.506470
area2 PE-03bc1 3 90 2 0 $gmm 37 0 20 $lmax $nref -77.213887 -5.321904 -77.128568 -5.372485 -76.969734 -5.436101 -76.908744 -5.472481 -76.819918 -5.566495 -76.775862 -5.645840
area2 PE-03bc2 3 90 2 0 $gmm 37 0 20 $lmax $nref -76.779995 -5.672242 -76.708962 -5.729630 -76.634086 -5.801558 -76.558875 -5.874625 -76.451190 -6.045364 -76.424172 -6.181127
area2 PE-04 3 -90 2 0 $gmm 72 0 20 $lmax $nref -77.998204 -7.414423 -77.996616 -7.437194 -77.974371 -7.494092
area2 PE-05 3 -90 2 0 $gmm 52 0 20 $lmax $nref -78.010025 -8.051067 -77.982484 -8.064071 -77.958389 -8.095110
area2 PE-07a3 3 -90 2 0 $gmm 72 0 20 $lmax $nref -77.909882 -8.531722 -77.881683 -8.570626 -77.882977 -8.636543 -77.882523 -8.688436 -77.879797 -8.738463 -77.828707 -8.828851 -77.815487 -8.872730 -77.788445 -8.895412 -77.766617 -8.960112
area2 PE-07b 3 -90 2 0 $gmm 52 0 20 $lmax $nref -77.828296 -8.904267 -77.748448 -9.003037 -77.688322 -9.088816 -77.611893 -9.168468 -77.531165 -9.284290 -77.489170 -9.366213 -77.477044 -9.443372 -77.413459 -9.547010 -77.387749 -9.630937 -77.355400 -9.693547 -77.338204 -9.722121 -77.294460 -9.768801
area2 PE-07c2 3 -90 2 0 $gmm 52 0 20 $lmax $nref -77.416962 -9.675350 -77.386147 -9.723988
area2 PE-07d1 3 -90 2 0 $gmm 72 0 20 $lmax $nref -77.313477 -9.944916 -77.268800 -10.038081 -77.217767 -10.113114 -77.176253 -10.153746
area2 PE-07d2 3 -90 2 0 $gmm 72 0 20 $lmax $nref -77.282143 -9.959312 -77.191841 -10.075915 -77.191505 -10.104868 -77.173853 -10.153324
area2 PE-07d3 3 -90 2 0 $gmm 72 0 20 $lmax $nref -77.383833 -9.832425 -77.363090 -9.860287 -77.223733 -9.950899 -77.184884 -9.985727 -77.166054 -10.019789
area2 PE-07d4 3 -90 2 0 $gmm 72 0 20 $lmax $nref -77.288856 -9.792473 -77.242422 -9.845782
area2 PE-07d5 3 -90 2 0 $gmm 72 0 20 $lmax $nref -77.310266 -9.807356 -77.261404 -9.860721
area2 PE-08a 3 -90 2 0 $gmm 72 0 20 $lmax $nref -77.661806 -8.209818 -77.594466 -8.270994
area2 PE-08b 3 -90 2 0 $gmm 72 0 20 $lmax $nref -77.552673 -8.417657 -77.573676 -8.397588 -77.592274 -8.357977 -77.601498 -8.331724 -77.617427 -8.294903
area2 PE-08d 3 -90 2 0 $gmm 72 0 20 $lmax $nref -77.534355 -8.395221 -77.525119 -8.420871 -77.496055 -8.457482 -77.435724 -8.484981
area2 PE-09 3 -90 2 0 $gmm 72 0 20 $lmax $nref -77.615879 -7.882415 -77.585415 -7.896312 -77.412000 -8.022256 -77.231059 -8.190856 -77.085605 -8.444547 -77.067480 -8.488827 -76.936953 -8.703576 -76.776158 -8.865123 -76.718128 -8.906538 -76.622544 -8.949637 -76.532238 -8.978215 -76.341798 -9.090448 -76.279716 -9.105820 -76.235171 -9.108305 -76.182360 -9.098387 -76.135600 -9.102346
area2 PE-100c 3 -90 2 0 $gmm 72 0 20 $lmax $nref -71.456667 -13.655261 -71.380257 -13.682691 -71.357144 -13.683641 -71.302416 -13.670956 -71.285662 -13.667431 -71.218202 -13.643075 -71.158565 -13.639286
area2 PE-100d 3 -90 2 0 $gmm 72 0 20 $lmax $nref -71.403820 -13.688037 -71.339453 -13.702427 -71.292324 -13.690584
area2 PE-100e 3 -90 2 0 $gmm 72 0 20 $lmax $nref -71.353624 -13.703088 -71.279632 -13.696207
area2 PE-100f 3 -90 2 0 $gmm 72 0 20 $lmax $nref -71.370254 -13.710820 -71.336012 -13.722686 -71.300632 -13.711697
area2 PE-100g 3 -90 2 0 $gmm 72 0 20 $lmax $nref -71.474443 -13.715466 -71.385881 -13.741291 -71.332629 -13.734674 -71.292481 -13.749851
area2 PE-100i 3 -90 2 0 $gmm 72 0 20 $lmax $nref -71.219816 -13.733722 -71.129418 -13.785894
area2 PE-100j 3 -90 2 0 $gmm 72 0 20 $lmax $nref -71.298930 -13.789899 -71.212285 -13.857315 -71.090849 -13.906116 -71.023220 -13.894950
area2 PE-100l 3 -90 2 0 $gmm 72 0 20 $lmax $nref -70.878323 -14.048780 -70.883167 -14.021551 -70.871394 -13.952600 -70.884927 -13.897424 -70.902492 -13.866128 -70.935241 -13.847948
area2 PE-100m 3 -90 2 0 $gmm 72 0 20 $lmax $nref -70.971625 -13.930425 -70.923894 -14.001510
area2 PE-100o 3 -90 2 0 $gmm 72 0 20 $lmax $nref -71.103464 -13.954678 -71.009270 -14.046925 -70.912991 -14.102772 -70.855784 -14.116783 -70.821467 -14.135927
area2 PE-101b 3 -90 2 0 $gmm 72 0 20 $lmax $nref -72.096109 -12.888787 -72.043508 -12.965727 -72.004554 -13.005898 -71.989561 -13.010007
area2 PE-103 3 -90 2 0 $gmm 72 0 20 $lmax $nref -71.645258 -13.410918 -71.671260 -13.400735 -71.705448 -13.369394
area2 PE-104 3 -45 2 0 $gmm 72 0 20 $lmax $nref -71.803667 -13.381760 -71.709784 -13.434137
area2 PE-106 3 -90 2 0 $gmm 72 0 20 $lmax $nref -71.963521 -13.244124 -71.937084 -13.251559 -71.911248 -13.285869 -71.885845 -13.300235 -71.854119 -13.346169 -71.831183 -13.360788
area2 PE-11a 3 -90 2 0 $gmm 72 0 20 $lmax $nref -75.604163 -10.943800 -75.606665 -11.029553 -75.562416 -11.138397
area2 PE-11b 3 -90 2 0 $gmm 72 0 20 $lmax $nref -75.596490 -11.049780 -75.513581 -11.118332
area2 PE-12a 3 45 2 0 $gmm 72 0 20 $lmax $nref -75.146044 -11.841016 -75.259177 -11.693591
area2 PE-19 3 -90 2 0 $gmm 72 0 20 $lmax $nref -74.956732 -15.415891 -75.062128 -15.391016 -75.089585 -15.370402 -75.175462 -15.342799
area2 PE-25 3 -90 2 0 $gmm 72 0 20 $lmax $nref -72.101211 -15.647086 -71.957769 -15.632648 -71.908888 -15.644456
area2 PE-26a 3 -90 2 0 $gmm 72 0 20 $lmax $nref -72.100333 -15.690830 -72.029853 -15.708093
area2 PE-26b 3 -90 2 0 $gmm 72 0 20 $lmax $nref -72.035080 -15.689701 -71.966924 -15.673339
area2 PE-33 3 -90 2 0 $gmm 72 0 20 $lmax $nref -70.107563 -15.695330 -70.141164 -15.585192 -70.136671 -15.502326
area2 PE-38 3 -90 2 0 $gmm 52 0 20 $lmax $nref -71.121562 -17.633043 -71.099034 -17.629779 -71.030364 -17.578218
area2 PE-39 3 -90 2 0 $gmm 72 0 20 $lmax $nref -70.955460 -17.619035 -70.941037 -17.556734
area2 PE-42a 3 0 2 0 $gmm 52 0 20 $lmax $nref -71.349479 -17.692883 -71.337212 -17.664915 -71.296974 -17.631547 -71.149357 -17.556696 -71.104509 -17.516627
area2 PE-42b 3 -90 2 0 $gmm 87 0 20 $lmax $nref -71.099429 -17.509846 -71.053024 -17.470952 -71.011467 -17.449797
area2 PE-42c1 3 -90 2 0 $gmm 72 0 20 $lmax $nref -71.097328 -17.508181 -71.024322 -17.504872
area2 PE-42c2 3 -90 2 0 $gmm 72 0 20 $lmax $nref -71.067986 -17.482602 -71.042352 -17.430444 -71.008070 -17.389456
area2 PE-43a 3 -90 2 0 $gmm 87 0 20 $lmax $nref -70.834668 -17.208001 -70.789814 -17.217964 -70.706169 -17.260408
area2 PE-43b 3 -90 2 0 $gmm 87 0 20 $lmax $nref -70.293109 -17.462712 -70.182179 -17.504887 -70.085639 -17.562196 -69.992261 -17.601887
area2 PE-44b 3 -90 2 0 $gmm 72 0 20 $lmax $nref -70.695461 -17.198470 -70.615985 -17.250017 -70.515929 -17.272056 -70.431425 -17.308821
area2 PE-45 3 135 2 0 $gmm 72 0 20 $lmax $nref -70.962318 -17.328753 -70.735044 -17.428878 -70.629280 -17.465442 -70.565842 -17.463152
area2 PE-47 3 -90 2 0 $gmm 72 0 20 $lmax $nref -70.527348 -17.532053 -70.480930 -17.621951
area2 PE-50 3 -90 2 0 $gmm 72 0 20 $lmax $nref -70.497267 -17.463622 -70.469969 -17.461496 -70.432538 -17.486075
area2 PE-51a 3 90 2 0 $gmm 52 0 20 $lmax $nref -69.947006 -17.998179 -70.112726 -17.863689 -70.157899 -17.835453 -70.324778 -17.801887 -70.387377 -17.804446 -70.478388 -17.772559 -70.584823 -17.770693
area2 PE-51b 3 90 2 0 $gmm 52 0 20 $lmax $nref -70.035711 -17.919241 -70.104998 -17.861715
area2 PE-51c 3 90 2 0 $gmm 52 0 20 $lmax $nref -70.004085 -17.928542 -70.022489 -17.899716 -70.069521 -17.858332
area2 PE-53 3 -90 2 0 $gmm 72 0 20 $lmax $nref -70.055107 -17.930352 -70.106261 -17.898381 -70.218615 -17.852709
area2 PE-63 3 90 2 0 $gmm 37 0 20 $lmax $nref -73.923257 -12.345908 -73.785668 -12.551978 -73.677253 -12.680649 -73.610128 -12.785478 -73.576345 -12.853278
area2 PE-64 3 -90 2 0 $gmm 72 0 20 $lmax $nref -72.204288 -12.477624 -72.083129 -12.551997 -72.015863 -12.618528
area2 PE-64n1 3 -90 2 0 $gmm 72 0 20 $lmax $nref -72.272783 -12.489953 -72.237144 -12.509284 -72.201159 -12.543588 -72.123688 -12.559039 -72.089212 -12.580741 -71.941852 -12.765041 -71.913497 -12.790179 -71.888885 -12.840900 -71.851523 -12.881561
area2 PE-64n2 3 -90 2 0 $gmm 72 0 20 $lmax $nref -71.851523 -12.881561 -71.849007 -12.892037 -71.830911 -12.920772 -71.805370 -12.935837 -71.722802 -12.986591 -71.700410 -13.020957 -71.568117 -13.139864 -71.545652 -13.179233
area2 PE-64s12 3 -90 2 0 $gmm 72 0 20 $lmax $nref -72.302905 -12.595607 -72.162727 -12.675141 -72.124139 -12.744222 -72.086054 -12.779694 -72.070972 -12.821067 -71.992373 -12.891371 -71.968759 -12.921024 -71.931843 -12.951205 -71.915037 -12.955625 -71.886585 -12.980481 -71.788307 -12.997721 -71.781473 -13.011219 -71.707446 -13.053245
area2 PE-64s19 3 -90 2 0 $gmm 72 0 20 $lmax $nref -71.637636 -13.137007 -71.632584 -13.155331 -71.607395 -13.187673 -71.590138 -13.190669 -71.524401 -13.252549 -71.491295 -13.270521 -71.429126 -13.324215 -71.392300 -13.339521 -71.369275 -13.358977
area2 PE-64s22 3 -90 2 0 $gmm 72 0 20 $lmax $nref -71.591972 -13.297379 -71.547626 -13.328573 -71.512584 -13.377035 -71.459355 -13.381172
area2 PE-64s3 3 -90 2 0 $gmm 72 0 20 $lmax $nref -72.347466 -12.634378 -72.313483 -12.650852 -72.225278 -12.665808
area2 PE-65a1 3 -90 2 0 $gmm 72 0 20 $lmax $nref -73.453455 -13.086733 -73.426735 -13.101788 -73.376915 -13.100349 -73.334068 -13.090874 -73.265419 -13.056652 -73.111656 -13.029057 -73.030586 -13.049710 -72.980423 -13.072324 -72.914597 -13.061408 -72.788086 -13.066773 -72.723763 -13.051621 -72.622627 -13.002912 -72.530792 -13.003681 -72.500359 -13.006543 -72.426790 -13.031436 -72.330261 -13.085782 -72.256809 -13.109817 -72.169538 -13.118583 -72.116470 -13.100760
area2 PE-65a2 3 -90 2 0 $gmm 72 0 20 $lmax $nref -73.061333 -12.979419 -72.989234 -13.032983
area2 PE-65b1 3 -90 2 0 $gmm 72 0 20 $lmax $nref -73.337426 -13.276316 -73.300972 -13.289742 -73.216858 -13.301513 -73.199821 -13.319452 -73.167496 -13.321128 -73.137932 -13.336323 -73.001015 -13.310047 -72.935768 -13.318789 -72.866470 -13.317077 -72.752617 -13.338984 -72.679489 -13.317904 -72.596604 -13.330469 -72.500183 -13.371358
area2 PE-65c1 3 -90 2 0 $gmm 72 0 20 $lmax $nref -73.132123 -13.183972 -73.036212 -13.153596 -72.949363 -13.152204 -72.919674 -13.143714
area2 PE-66a 3 -135 2 0 $gmm 72 0 20 $lmax $nref -72.721407 -13.448986 -72.686788 -13.450349 -72.606855 -13.424464
area2 PE-66b 3 -135 2 0 $gmm 72 0 20 $lmax $nref -72.554553 -13.415707 -72.531041 -13.429289 -72.485009 -13.424941
area2 PE-66c 3 -135 2 0 $gmm 72 0 20 $lmax $nref -72.708128 -13.493046 -72.682783 -13.480981 -72.619568 -13.478779 -72.593126 -13.485678 -72.508329 -13.461841 -72.476878 -13.461033 -72.447512 -13.452747 -72.406805 -13.432822 -72.380983 -13.438023 -72.316398 -13.432295 -72.249009 -13.440708 -72.221137 -13.428233 -72.210830 -13.423221
area2 PE-67c1 3 -90 2 0 $gmm 72 0 20 $lmax $nref -71.898175 -13.507787 -71.830396 -13.549839
area2 PE-67c3 3 -90 2 0 $gmm 72 0 20 $lmax $nref -71.980464 -13.471820 -71.935562 -13.490923 -71.904517 -13.514141 -71.828537 -13.564003 -71.729861 -13.598645
area2 PE-68a 3 90 2 0 $gmm 72 0 20 $lmax $nref -72.143144 -13.449196 -71.966107 -13.522410 -71.858148 -13.556122
area2 PE-69 3 -45 2 0 $gmm 72 0 20 $lmax $nref -72.038117 -13.406724 -72.023997 -13.401166 -72.003557 -13.408794 -71.971020 -13.407339 -71.934039 -13.428694
area2 PE-72c 3 -135 2 0 $gmm 72 0 20 $lmax $nref -71.788487 -13.562737 -71.725195 -13.585816
area2 PE-72d 3 -45 2 0 $gmm 72 0 20 $lmax $nref -71.737918 -13.570102 -71.661766 -13.664358
area2 PE-75a1 3 -45 2 0 $gmm 72 0 20 $lmax $nref -71.438178 -14.048265 -71.425239 -14.062959 -71.388552 -14.075479
area2 PE-75a2 3 -45 2 0 $gmm 72 0 20 $lmax $nref -71.334972 -14.085137 -71.294908 -14.112009
area2 PE-75a3 3 -45 2 0 $gmm 72 0 20 $lmax $nref -71.416376 -14.100633 -71.313814 -14.174236 -71.252216 -14.235761
area2 PE-75a4 3 -45 2 0 $gmm 72 0 20 $lmax $nref -71.275768 -14.200076 -71.244446 -14.233415
area2 PE-75a6 3 -45 2 0 $gmm 72 0 20 $lmax $nref -71.302977 -14.164588 -71.251227 -14.214116
area2 PE-75a7 3 -45 2 0 $gmm 72 0 20 $lmax $nref -71.175024 -14.241015 -71.153585 -14.259758 -71.105204 -14.276960
area2 PE-75b2 3 90 2 0 $gmm 72 0 20 $lmax $nref -71.467629 -14.011229 -71.455054 -14.026648 -71.434876 -14.092520 -71.404366 -14.130016 -71.384110 -14.140739
area2 PE-75b4 3 90 2 0 $gmm 72 0 20 $lmax $nref -71.337133 -14.134086 -71.321209 -14.141071 -71.302977 -14.164588
area2 PE-75c1 3 -90 2 0 $gmm 72 0 20 $lmax $nref -71.387366 -14.023510 -71.352450 -14.064192 -71.314268 -14.085797
area2 PE-75c2 3 -90 2 0 $gmm 72 0 20 $lmax $nref -71.231913 -14.196147 -71.185252 -14.213004 -71.117664 -14.221356 -71.075711 -14.245151 -71.047195 -14.249611 -71.002777 -14.270485
area2 PE-75c4 3 -90 2 0 $gmm 72 0 20 $lmax $nref -71.114760 -14.213162 -71.077133 -14.218010 -71.056538 -14.232896 -71.008828 -14.244422
area2 PE-75c6 3 -90 2 0 $gmm 72 0 20 $lmax $nref -71.343264 -14.108910 -71.284070 -14.145685 -71.256295 -14.182422
area2 PE-77 3 -90 2 0 $gmm 72 0 20 $lmax $nref -72.112463 -13.515460 -72.084672 -13.531164 -72.049006 -13.568911
area2 PE-78a 3 -90 2 0 $gmm 72 0 20 $lmax $nref -71.977827 -13.599020 -71.925299 -13.626370 -71.915509 -13.670974 -71.886454 -13.722481
area2 PE-78b 3 -90 2 0 $gmm 72 0 20 $lmax $nref -71.747123 -13.767126 -71.805653 -13.703866 -71.828991 -13.665121 -71.894250 -13.618035
area2 PE-80b 3 -45 2 0 $gmm 72 0 20 $lmax $nref -71.656065 -13.827821 -71.587596 -13.879972
area2 PE-81a1 3 -90 2 0 $gmm 72 0 20 $lmax $nref -71.598754 -13.891797 -71.592776 -13.915689 -71.560416 -13.963998
area2 PE-81c1 3 -90 2 0 $gmm 72 0 20 $lmax $nref -71.589120 -13.916869 -71.541223 -13.955820 -71.527653 -13.985081 -71.479402 -14.036194 -71.457053 -14.085667
area2 PE-83a1 3 -90 2 0 $gmm 72 0 20 $lmax $nref -71.348776 -14.378526 -71.296332 -14.458318
area2 PE-83a3 3 -90 2 0 $gmm 72 0 20 $lmax $nref -71.224881 -14.412286 -71.197765 -14.426001 -71.160553 -14.467246 -71.157359 -14.469061 -71.076918 -14.481068 -71.048301 -14.497613
area2 PE-83b2 3 -90 2 0 $gmm 72 0 20 $lmax $nref -71.113265 -14.554473 -71.014746 -14.578045
area2 PE-83c1 3 -45 2 0 $gmm 72 0 20 $lmax $nref -71.081597 -14.473488 -71.044311 -14.489209 -70.995332 -14.509417
area2 PE-83c3 3 -45 2 0 $gmm 72 0 20 $lmax $nref -71.295542 -14.409650 -71.263636 -14.418457 -71.241944 -14.424101 -71.219767 -14.441598 -71.202182 -14.454118 -71.178834 -14.470862 -71.154703 -14.481879 -71.113341 -14.494638 -71.086714 -14.507334 -70.988564 -14.524021
area2 PE-86 3 -45 2 0 $gmm 72 0 20 $lmax $nref -71.926550 -13.726924 -71.852174 -13.785754 -71.829789 -13.786876 -71.819027 -13.800923
area2 PE-87a2 3 -45 2 0 $gmm 72 0 20 $lmax $nref -71.783074 -13.827936 -71.750766 -13.847738 -71.719624 -13.890670
area2 PE-87b1 3 -45 2 0 $gmm 72 0 20 $lmax $nref -71.832142 -13.819955 -71.783770 -13.857747 -71.741208 -13.873984 -71.702635 -13.897528 -71.633766 -13.938223
area2 PE-88 3 -135 2 0 $gmm 72 0 20 $lmax $nref -72.123399 -13.611711 -72.056508 -13.607898
area2 PE-89 3 -90 2 0 $gmm 72 0 20 $lmax $nref -71.821356 -13.946606 -71.796720 -13.971381 -71.752674 -13.996078
area2 PE-91 3 -45 2 0 $gmm 72 0 20 $lmax $nref -71.547309 -14.065681 -71.460180 -14.150079
area2 PE-92a 3 -90 2 0 $gmm 72 0 20 $lmax $nref -71.744561 -14.066575 -71.726826 -14.055090 -71.673828 -14.056091
area2 PE-92c 3 -90 2 0 $gmm 72 0 20 $lmax $nref -71.729165 -14.118751 -71.679864 -14.116086 -71.555620 -14.146275 -71.542166 -14.156389 -71.522786 -14.197137 -71.513427 -14.250069
area2 PE-94 3 -90 2 0 $gmm 72 0 20 $lmax $nref -72.047920 -14.126113 -71.972695 -14.133767
area2 PE-95 3 -90 2 0 $gmm 72 0 20 $lmax $nref -72.066401 -13.879725 -72.034829 -13.875643 -71.964595 -13.888244
area2 VE01-01a 3 135 2 0 $gmm 72 0 20 $lmax $nref -72.247803 11.965545 -72.064592 11.959729 -71.596387 11.913199 -71.427716 11.884118 -71.235781 11.846312 -71.035121 11.791058 -70.883900 11.724172 -70.723954 11.636929 -70.520386 11.517696 -70.215034 11.378107 -70.011467 11.253058
area2 VE01-02 3 180 2 0 $gmm 87 0 20 $lmax $nref -70.350995 11.024506 -70.424339 11.114625 -70.486975 11.256426
area2 VE01-05 3 -90 2 0 $gmm 72 0 20 $lmax $nref -70.338355 11.944615 -70.258133 11.734336 -70.216292 11.587475
area2 VE01-06 3 135 2 0 $gmm 72 0 20 $lmax $nref -70.122557 12.124030 -69.917586 12.107396
area2 VE01-08 3 -90 2 0 $gmm 72 0 20 $lmax $nref -69.622227 11.466203 -69.711386 11.594150 -69.754314 11.698733 -69.798343 11.776614 -69.825465 11.852270 -69.836809 11.929039
area2 VE01-09 3 -135 2 0 $gmm 87 0 20 $lmax $nref -69.307661 11.338255 -69.432872 11.452852 -69.473520 11.529620 -69.465676 11.577461
area2 VE01-10a 3 -135 2 0 $gmm 87 0 20 $lmax $nref -68.635623 10.928513 -68.769876 11.049405 -68.887540 11.192992 -69.098060 11.367182 -69.366590 11.674256 -69.395967 11.751025
area2 VE01-10b 3 -135 2 0 $gmm 87 0 20 $lmax $nref -68.301144 10.849531 -68.461899 10.986137 -68.680699 11.203441 -68.823616 11.345782 -68.913541 11.457989
area2 VE01-10c 3 -135 2 0 $gmm 87 0 20 $lmax $nref -68.226820 10.847978 -68.343414 10.926336 -68.400880 10.980269 -68.625534 11.312996 -68.792292 11.492271
area2 VE01-10d 3 -135 2 0 $gmm 87 0 20 $lmax $nref -68.127353 10.830936 -68.249078 10.967065 -68.395529 11.193002 -68.466364 11.256075 -68.575006 11.371973 -68.624119 11.449727
area2 VE01-12b 3 135 2 0 $gmm 87 0 20 $lmax $nref -70.607898 10.870258 -71.019728 10.882132 -71.116267 10.894325 -71.190991 10.896770 -71.339586 10.893485 -71.508408 10.913577 -71.773149 11.000719 -71.887331 11.046364
area2 VE01-12d 3 180 2 0 $gmm 87 0 20 $lmax $nref -70.762390 10.761383 -71.152414 10.732255 -71.307125 10.738913 -71.373342 10.756352 -71.512997 10.828356 -71.573136 10.871549 -71.637425 10.929597 -71.663016 10.962678
area2 VE01-12e 3 135 2 0 $gmm 87 0 20 $lmax $nref -70.280198 10.855991 -70.573396 10.824125 -70.620694 10.826831 -70.709144 10.765416 -70.761840 10.761444
area2 VE01-12f 3 135 2 0 $gmm 87 0 20 $lmax $nref -69.519454 10.885520 -69.615329 10.874246 -69.722043 10.898962 -69.799869 10.907460 -69.842139 10.905513 -69.910649 10.884462 -69.981914 10.876805 -70.276626 10.865545
area2 VE01-12g 3 -135 2 0 $gmm 87 0 20 $lmax $nref -68.839893 10.629981 -68.894366 10.632349 -69.079459 10.691727 -69.256712 10.735243 -69.337941 10.768283 -69.441798 10.849045 -69.487691 10.877478 -69.519454 10.885520
area2 VE01-12h 3 135 2 0 $gmm 52 0 20 $lmax $nref -68.483430 10.633163 -68.602235 10.623618 -68.839893 10.629981
area2 VE01-20 3 45 2 0 $gmm 87 0 20 $lmax $nref -70.138088 10.957496 -70.261497 10.865567
area2 VE02-01a 3 180 2 0 $gmm 87 0 20 $lmax $nref -72.070891 7.996042 -72.134496 7.922896 -72.201282 7.897454 -72.303051 7.872012 -72.385738 7.833848 -72.503452 7.761294 -72.616446 7.715536
area2 VE02-01b 3 180 2 0 $gmm 87 0 20 $lmax $nref -71.237838 8.539989 -71.304623 8.530448 -71.463637 8.476383 -71.539964 8.441400 -71.698978 8.349172 -71.883434 8.186978 -71.959760 8.129733 -72.071154 7.996000
area2 VE02-01c 3 180 2 0 $gmm 87 0 20 $lmax $nref -70.836953 8.798159 -71.103127 8.592520 -71.163400 8.558382 -71.411821 8.455921 -71.463134 8.448578 -71.499971 8.460055
area2 VE02-01d 3 180 2 0 $gmm 87 0 20 $lmax $nref -70.295028 9.166759 -70.638695 8.882205 -70.852136 8.761731 -70.943077 8.701482
area2 VE02-01e 3 180 2 0 $gmm 87 0 20 $lmax $nref -69.326128 10.055911 -69.534863 9.891082 -69.689359 9.717685 -69.870567 9.537089 -70.273025 9.201629 -70.327299 9.169689
area2 VE02-01f 3 135 2 0 $gmm 72 0 20 $lmax $nref -67.785362 10.541474 -68.117308 10.541869 -68.243015 10.532468 -68.456430 10.491341 -68.573789 10.458439 -68.654382 10.426712 -68.860548 10.316256 -69.325198 10.006169
area2 VE02-06a 3 90 2 0 $gmm 37 0 20 $lmax $nref -72.361905 8.184140 -72.256414 8.197889 -72.215525 8.239618 -72.084301 8.324059 -71.953078 8.440723 -71.904910 8.470529
area2 VE02-06d 3 90 2 0 $gmm 37 0 20 $lmax $nref -71.907236 8.469948 -71.815977 8.510982 -71.645010 8.617650 -71.578424 8.683609 -71.544932 8.763111 -71.475727 8.796462 -71.390146 8.824007 -71.345615 8.849831 -71.272235 8.903700 -71.235060 8.965824 -71.201868 8.994732 -71.077232 9.066017 -70.940125 9.212841 -70.890592 9.251104 -70.838576 9.342934 -70.791346 9.396761 -70.734877 9.448351 -70.609986 9.534367
area2 VE02-07a 3 0 2 0 $gmm 87 0 20 $lmax $nref -70.635208 9.705275 -70.663210 9.876368 -70.665976 10.139235 -70.685647 10.219439
area2 VE02-07b 3 0 2 0 $gmm 87 0 20 $lmax $nref -70.655632 9.256514 -70.639007 9.278204 -70.608203 9.378479 -70.603802 9.502030 -70.635208 9.705275
area2 VE02-07c 3 -135 2 0 $gmm 87 0 20 $lmax $nref -70.742655 9.046180 -70.720026 9.087707 -70.655632 9.256514
area2 VE02-07d 3 -135 2 0 $gmm 87 0 20 $lmax $nref -70.906401 8.774335 -70.824208 8.925061 -70.742655 9.046180
area2 VE02-08a 3 135 2 0 $gmm 72 0 20 $lmax $nref -70.824982 8.828868 -70.712567 8.969923
area2 VE02-08b 3 -90 2 0 $gmm 72 0 20 $lmax $nref -70.712573 8.969552 -70.670873 9.014758 -70.571343 9.089650 -70.495063 9.121575 -70.370377 9.191258
area2 VE02-15 3 0 2 0 $gmm 87 0 20 $lmax $nref -70.277492 9.210787 -70.253955 9.912415 -70.272928 10.029147 -70.305617 10.096699
area2 VE02-27 3 135 2 0 $gmm 87 0 20 $lmax $nref -69.118868 10.645830 -69.190574 10.624621 -69.310757 10.606442 -69.673327 10.592303 -69.788461 10.580184
area2 VE02-28 3 90 2 0 $gmm 37 0 20 $lmax $nref -69.020470 10.612690 -69.046279 10.609740 -69.077987 10.583194 -69.167212 10.573607 -69.248326 10.547799 -69.267498 10.494706
area2 VE02-31 3 45 2 0 $gmm 87 0 20 $lmax $nref -72.463897 7.727136 -72.434234 7.629674 -72.383385 7.554812 -72.370672 7.513850 -72.300048 7.402264 -72.141849 7.294915 -72.035913 7.234178
area2 VE02-46a 3 180 2 0 $gmm 72 0 20 $lmax $nref -72.140339 7.570881 -72.001088 7.586768 -71.948977 7.602363 -71.888932 7.625641 -71.796019 7.685902 -71.721260 7.720983 -71.564118 7.750720 -71.476679 7.797003 -71.412712 7.859386 -71.382047 7.872731 -71.355215 7.904188 -71.292903 8.006231 -71.263154 8.121430
area2 VE02-47a 3 90 2 0 $gmm 20 0 20 $lmax $nref -69.076285 9.717782 -69.305944 9.552046 -69.397159 9.444252 -69.473288 9.370892 -69.590840 9.337546 -69.725184 9.267520 -69.797954 9.206387 -69.979829 9.076907 -70.079574 9.022226 -70.147971 8.972955 -70.227676 8.936516 -70.367708 8.784412 -70.577785 8.527112 -70.670032 8.452830 -70.696653 8.394424 -70.829783 8.281926
area2 VE02-47e 3 90 2 0 $gmm 20 0 20 $lmax $nref -69.352114 9.484106 -69.357711 9.399963 -69.398016 9.338828 -69.475266 9.259909 -69.834324 9.017260 -69.906987 8.915028 -69.948318 8.881328 -70.119206 8.785916 -70.176178 8.743857 -70.391079 8.549704 -70.509874 8.496356 -70.672044 8.449649
area2 VE03-01 3 180 2 0 $gmm 87 0 20 $lmax $nref -66.383435 10.815588 -66.158246 10.819106 -65.821628 10.871717 -65.675074 10.882876 -65.328061 10.859760 -65.036568 10.877296 -64.981559 10.868776
area2 VE03-03b 3 180 2 0 $gmm 87 0 20 $lmax $nref -65.985465 10.655202 -66.585453 10.641166 -66.837492 10.624028 -67.033336 10.597097 -67.090441 10.599958 -67.409281 10.574771 -67.689135 10.543044 -67.785362 10.541474
area2 VE03-03d 3 180 2 0 $gmm 87 0 20 $lmax $nref -65.985465 10.655202 -65.476845 10.696501 -65.307689 10.687025 -65.225978 10.677712 -64.837843 10.579070 -64.559072 10.544760 -64.401296 10.544170
area2 VE03-07a 3 -135 2 0 $gmm 72 0 20 $lmax $nref -67.090463 10.599957 -66.955945 10.531739
area2 VE03-07b 3 180 2 0 $gmm 87 0 20 $lmax $nref -66.956159 10.532000 -66.809381 10.505138 -66.469156 10.485205
area2 VE03-09a 3 180 2 0 $gmm 87 0 20 $lmax $nref -68.161260 10.098653 -68.350639 10.049338 -68.531756 9.978893 -68.862020 9.879967 -68.935909 9.867741 -69.001098 9.881678
area2 VE03-09b 3 180 2 0 $gmm 87 0 20 $lmax $nref -67.718831 10.268705 -68.161260 10.098653 -68.299522 10.019341 -68.369504 9.969606 -68.584717 9.848782
area2 VE03-09c 3 180 2 0 $gmm 87 0 20 $lmax $nref -67.637523 10.225775 -67.860376 10.157621
area2 VE03-09d 3 180 2 0 $gmm 87 0 20 $lmax $nref -67.487127 10.237053 -67.775969 10.140014
area2 VE03-09e 3 180 2 0 $gmm 87 0 20 $lmax $nref -67.098621 10.276823 -67.554448 10.175012
area2 VE03-09f 3 180 2 0 $gmm 87 0 20 $lmax $nref -66.533076 10.383871 -66.610399 10.357566 -66.984600 10.268869 -67.138703 10.245007
area2 VE03-10 3 180 2 0 $gmm 72 0 20 $lmax $nref -66.503077 9.942077 -66.659808 10.053061 -66.757192 10.098498 -66.844130 10.120817 -67.006997 10.225917 -67.124236 10.237053
area2 VE03-11 3 180 2 0 $gmm 87 0 20 $lmax $nref -65.979465 9.937818 -66.089140 10.010826 -66.426895 10.193796 -66.537720 10.246991 -66.725290 10.316229
area2 VE03-12a 3 -135 2 0 $gmm 72 0 20 $lmax $nref -64.926762 10.026340 -65.099095 10.091930 -65.357594 10.136942 -65.524782 10.187099 -65.614807 10.224394 -65.830866 10.316991 -65.992910 10.414732 -66.055927 10.471319 -66.111228 10.536908 -66.148524 10.599925
area2 VE03-14a 3 180 2 0 $gmm 87 0 20 $lmax $nref -67.452223 10.033926 -67.581625 10.112970
area2 VE03-14b 3 180 2 0 $gmm 87 0 20 $lmax $nref -67.337141 9.946781 -67.520483 10.047748
area2 VE03-14c 3 90 2 0 $gmm 37 0 20 $lmax $nref -67.188005 9.960686 -67.244271 9.943137 -67.286726 9.939687 -67.337141 9.946781
area2 VE03-14d 3 180 2 0 $gmm 87 0 20 $lmax $nref -66.891490 9.836103 -66.963891 9.862862 -67.172628 9.961467 -67.188005 9.960686
area2 VE04-01a 3 -90 2 0 $gmm 72 0 20 $lmax $nref -64.340116 10.793304 -64.621541 10.832600 -64.748577 10.875636 -64.813041 10.922788 -65.001389 11.086227 -65.112765 11.199590 -65.164128 11.263794 -65.191397 11.292728 -65.329436 11.521454 -65.389317 11.699102
area2 VE04-02a 3 -135 2 0 $gmm 87 0 20 $lmax $nref -65.132663 11.846139 -64.963464 11.566359 -64.887823 11.459935 -64.746923 11.288538 -64.581762 11.119130 -64.426667 10.957779 -64.316165 10.868325 -64.233111 10.823370
area2 VE04-03 3 0 2 0 $gmm 87 0 20 $lmax $nref -64.340000 10.793418 -64.179381 10.822213 -64.019464 10.830955 -63.889885 10.859750
area2 VE04-04a 3 180 2 0 $gmm 87 0 20 $lmax $nref -64.040163 10.870297 -63.562041 10.853809 -63.460195 10.859246 -63.220517 10.891184 -63.085667 10.894042 -62.672956 10.842797 -62.500534 10.842672 -62.414196 10.832042
area2 VE04-05 3 180 2 0 $gmm 87 0 20 $lmax $nref -63.894351 11.280710 -63.689856 10.965098 -63.620326 10.885525 -63.573200 10.853850
area2 VE04-08a 3 180 2 0 $gmm 87 0 20 $lmax $nref -62.520042 10.957836 -62.241656 10.981608 -62.175096 10.992701 -62.132836 11.009605 -61.891427 11.027565 -61.764119 11.046582
area2 VE04-08b 3 135 2 0 $gmm 72 0 20 $lmax $nref -61.764000 11.047000 -61.623058 11.081406 -61.521898 11.135514 -61.378393 11.231969 -61.090205 11.449580 -61.012575 11.522561
area2 VE04-11a 3 180 2 0 $gmm 87 0 20 $lmax $nref -62.756063 10.775206 -62.839731 10.735063 -62.897632 10.724659 -63.401102 10.702946 -63.686990 10.677162 -63.720916 10.665401
area2 VE04-11b 3 180 2 0 $gmm 87 0 20 $lmax $nref -61.693462 10.910344 -61.860594 10.849795 -61.940019 10.809571 -61.980243 10.779915 -62.193079 10.765086 -62.295343 10.763489 -62.611722 10.799174 -62.727301 10.784794 -62.865783 10.755499 -62.916382 10.756032 -62.995019 10.770363 -63.183568 10.833745
area2 VE04-11c 3 180 2 0 $gmm 87 0 20 $lmax $nref -60.948643 10.857688 -61.061073 10.851144 -61.132457 10.860662 -61.176477 10.848765 -61.351186 10.845751 -61.495919 10.813668 -61.626790 10.795227 -61.980195 10.779760
area2 VE04-12a 3 180 2 0 $gmm 87 0 20 $lmax $nref -64.130774 10.455173 -64.152784 10.447440 -64.504858 10.446395 -65.106141 10.496626 -65.376248 10.542738 -65.565165 10.601366 -65.987642 10.654725
area2 VE04-12b 3 180 2 0 $gmm 87 0 20 $lmax $nref -64.172400 10.463674 -64.033438 10.477668 -63.894149 10.474414
area2 VE04-12c 3 180 2 0 $gmm 87 0 20 $lmax $nref -62.351813 10.523631 -62.913399 10.517027 -63.340137 10.499902 -63.528986 10.497135 -63.722487 10.469465 -63.834858 10.474608 -64.007329 10.454708 -64.053678 10.460686
area2 VE04-13a 3 90 2 0 $gmm 37 0 20 $lmax $nref -61.005419 10.706689 -61.233392 10.659887 -61.417187 10.679176 -61.594224 10.659887 -61.888732 10.664268 -61.957194 10.659161 -62.044324 10.634408 -62.109000 10.634000 -62.332415 10.630167 -62.370867 10.642984 -62.436492 10.645035 -62.484172 10.630167 -62.555949 10.642984 -62.629777 10.634781 -62.678483 10.640000 -62.766360 10.612007 -62.933429 10.598420 -62.983466 10.583912 -63.126042 10.574011 -63.165842 10.591505
area2 VE04-14a 3 180 2 0 $gmm 87 0 20 $lmax $nref -65.366630 10.540342 -65.165225 10.428947 -65.106948 10.338078 -65.081866 10.314075
area2 VE04-14b 3 180 2 0 $gmm 87 0 20 $lmax $nref -65.081866 10.314075 -64.810644 10.052387
area2 VE04-15a 3 180 2 0 $gmm 87 0 20 $lmax $nref -65.093950 10.350551 -64.905048 10.318559 -64.831925 10.296978 -64.770481 10.255592 -64.697553 10.189812 -64.641267 10.175419 -64.589075 10.128793 -64.537742 10.064868 -64.478660 10.030969 -64.369464 9.985002
area2 VE04-15b 3 180 2 0 $gmm 87 0 20 $lmax $nref -63.965266 9.740852 -64.079750 9.785101 -64.117677 9.811088 -64.233065 9.918982 -64.370710 9.986247
area2 VE04-16a 3 90 2 0 $gmm 37 0 20 $lmax $nref -63.709801 9.715989 -63.808307 9.732319 -63.879420 9.717042 -63.921035 9.718623 -63.965000 9.741000
area2 VE04-21 3 90 2 0 $gmm 37 0 20 $lmax $nref -63.331294 9.749133 -63.387892 9.741977 -63.471812 9.743929 -63.532313 9.766698 -63.666325 9.844113
area2 VE04-22a 3 90 2 0 $gmm 37 0 20 $lmax $nref -63.053620 9.809417 -63.181601 9.754247 -63.285298 9.738595 -63.411248 9.689753 -63.440845 9.690659 -63.504433 9.712181 -63.523998 9.726855 -63.641392 9.752291 -63.663398 9.772119
area2 VE04-23 3 90 2 0 $gmm 37 0 20 $lmax $nref -63.166576 9.856148 -63.222198 9.835168 -63.274404 9.825898 -63.346127 9.833704 -63.382378 9.852050
area2 VE04-27 3 -90 2 0 $gmm 72 0 20 $lmax $nref -62.315958 9.933458 -62.369496 9.966176 -62.461700 10.092882 -62.680610 10.351648 -62.857420 10.518156
area2 VE04-28a 3 180 2 0 $gmm 87 0 20 $lmax $nref -61.190090 9.999459 -61.247142 9.973368 -61.315711 9.960170 -61.419058 9.951358 -61.491037 9.957307 -61.709947 10.001327 -61.942539 10.080161 -62.070435 10.189021 -62.220341 10.298476 -62.460667 10.447193 -62.560604 10.518577