Cuenca -79.005915 -2.900147 0
Guaranda -78.99918 -1.590711 0
Azogues -78.847115 -2.737811 0
Tulcán -77.718352 0.811771 0
Riobamba -78.648081 -1.673995 0
Latacunga -78.616129 -0.932161 0
Machala -79.966654 -3.266328 0
Ciudad_Esmeraldas -79.651682 0.96846 0
Puerto_Baquerizo_Moreno -89.60898 -0.902655 0
Guayaquil -79.922343 -2.171015 0
Ibarra -78.130495 0.362997 0
Loja -79.202537 -3.992559 0
Babahoyo -79.533614 -1.801483 0
Portoviejo -80.455234 -1.05615 0
Macas -78.118615 -2.302486 0
Tena -77.813467 -0.996666 0
Francisco_de_Orellana -76.993342 -0.461891 0
Puyo -78.00259 -1.492881 0
Quito -78.485029 -0.180351 0
Santa_Elena -80.858993 -2.22679 0
Santo_Domingo -79.149877 -0.250347 0
Nueva_Loja -76.883782 0.08202 0
Ambato -78.619851 -1.241217 0
Zamora -78.951043 -4.065216 0
